Segment Info
Segment Name,93
Recording Name,记录001
Subject Name,被试001
Frequency(Hz),600
Start Time(s),185.2441611
End Time(s),187.2465852

Id,Time(s),LeftEyePositionValidity,LeftEyePositionX,LeftEyePositionY,LeftEyePositionZ,RightEyePositionValidity,RightEyePositionX,RightEyePositionY,RightEyePositionZ,LeftGazePositionValidity,LeftGazePositionX,LeftGazePositionY,LeftGazePositionZ,LeftGazePointValidity,LeftGazePointX,LeftGazePointY,RightGazePositionValidity,RightGazePositionX,RightGazePositionY,RightGazePositionZ,RightGazePointValidity,RightGazePointX,RightGazePointY,LeftPupilValidity,LeftPupilDiameter,RightPupilValidity,RightPupilDiameter
1,185.2452129,True,-44.9671936035156,-79.1302490234375,593.187072753906,True,12.8997268676758,-79.5841369628906,588.129577636719,True,186.387680053711,179.259490966797,42.3653411865234,True,0.837658882141113,0.410825729370117,True,186.707534790039,184.875778198242,44.4095153808594,True,0.83823823928833,0.391576945781708,True,2.63594055175781,True,2.31744384765625
2,185.246879566667,False,0,0,0,True,12.9027824401855,-79.5855712890625,588.163940429688,False,0,0,0,False,0,0,True,188.735794067383,186.968536376953,45.1712112426758,True,0.841912686824799,0.384404480457306,False,0,True,2.32499694824219
3,185.248546233333,True,-44.9753494262695,-79.1394348144531,593.197509765625,True,12.8970127105713,-79.5893249511719,588.160400390625,True,185.002319335938,176.89323425293,41.5040397644043,True,0.835149168968201,0.418935656547546,True,185.358261108398,182.767852783203,43.6422653198242,True,0.835793972015381,0.398801445960999,True,2.63511657714844,True,2.33407592773438
4,185.2502129,True,-44.9748992919922,-79.1373977661133,593.18603515625,True,12.895637512207,-79.5855712890625,588.144409179688,True,185.665802001953,178.671722412109,42.1513633728027,True,0.836351096630096,0.412840247154236,True,188.197052001953,185.845748901367,44.7624931335449,True,0.840936660766602,0.388252675533295,True,2.63285827636719,True,2.31967163085938
5,185.251879566667,True,-44.9818649291992,-79.1441879272461,593.234130859375,True,12.8923292160034,-79.5869293212891,588.14599609375,True,186.550888061523,178.482971191406,42.0827178955078,True,0.837954521179199,0.413487076759338,True,186.309997558594,185.46337890625,44.6233406066895,True,0.837518095970154,0.389563083648682,True,2.6387939453125,True,2.3216552734375
6,185.253546233333,True,-44.98388671875,-79.1420440673828,593.213989257813,True,12.8917446136475,-79.5859146118164,588.145629882813,True,185.931640625,177.844177246094,41.8501586914063,True,0.836832761764526,0.415676474571228,True,186.095443725586,185.988754272461,44.8145599365234,True,0.837129473686218,0.387762546539307,True,2.63096618652344,True,2.30751037597656
7,185.2552129,True,-44.9845962524414,-79.1432571411133,593.216918945313,True,12.8900842666626,-79.5871810913086,588.162353515625,True,185.838485717773,178.888687133789,42.2303619384766,True,0.836663961410522,0.412096589803696,True,187.860504150391,185.583831787109,44.6671829223633,True,0.840327024459839,0.389150261878967,True,2.62417602539063,True,2.309326171875
8,185.256879566667,True,-44.9868545532227,-79.1430892944336,593.184143066406,True,12.8873691558838,-79.5871276855469,588.177612304688,True,185.564605712891,178.480087280273,42.0816650390625,True,0.836167812347412,0.413496941328049,True,188.014358520508,185.592910766602,44.670524597168,True,0.840605735778809,0.389119148254395,True,2.62342834472656,True,2.32029724121094
9,185.258546233333,True,-44.9908676147461,-79.1458129882813,593.20068359375,True,12.8888854980469,-79.5928497314453,588.198364257813,True,185.691925048828,175.437805175781,40.974308013916,True,0.836398363113403,0.423923850059509,True,186.948455810547,186.407653808594,44.9670715332031,True,0.838674783706665,0.386326730251312,True,2.64241027832031,True,2.30781555175781
10,185.2602129,True,-44.9991302490234,-79.1591033935547,593.228210449219,True,12.8875064849854,-79.5894470214844,588.183715820313,True,179.471069335938,169.421997070313,38.7847557067871,True,0.825128734111786,0.444541811943054,True,185.98583984375,187.291320800781,45.2886657714844,True,0.836930871009827,0.383298218250275,True,2.68359375,True,2.31549072265625
11,185.261879566667,True,-44.9995307922363,-79.1526641845703,593.249389648438,True,12.8843326568604,-79.588737487793,588.196472167969,True,185.502197265625,176.074005126953,41.2058715820313,True,0.836054742336273,0.421743363142014,True,188.030120849609,186.619750976563,45.0442771911621,True,0.840634346008301,0.385599851608276,True,2.63420104980469,True,2.30320739746094
12,185.263546233333,False,0,0,0,True,12.88392162323,-79.5892181396484,588.179504394531,False,0,0,0,False,0,0,True,188.174896240234,187.155899047852,45.2393798828125,True,0.840896606445313,0.383762359619141,False,0,True,2.31256103515625
13,185.2652129,False,0,0,0,True,12.8834857940674,-79.5901336669922,588.187744140625,False,0,0,0,False,0,0,True,186.350967407227,185.720825195313,44.7170333862305,True,0.837592303752899,0.388680815696716,False,0,True,2.31460571289063
14,185.266879566667,True,-45.0021553039551,-79.1480941772461,593.237976074219,True,12.8804111480713,-79.590576171875,588.193542480469,True,185.802978515625,180.383117675781,42.774299621582,True,0.83659964799881,0.406974732875824,True,187.819915771484,185.123474121094,44.4996566772461,True,0.840253472328186,0.390728056430817,True,2.62838745117188,True,2.30595397949219
15,185.268546233333,True,-45.0053253173828,-79.1512603759766,593.235168457031,True,12.8797359466553,-79.591911315918,588.197814941406,True,187.106048583984,178.878189086914,42.2265586853027,True,0.838960289955139,0.412132501602173,True,186.105072021484,185.950561523438,44.800666809082,True,0.837146878242493,0.387893378734589,True,2.61839294433594,True,2.30850219726563
16,185.2702129,True,-45.0074005126953,-79.1533813476563,593.240905761719,True,12.8804607391357,-79.5914840698242,588.219116210938,True,185.341033935547,178.635452270508,42.1381988525391,True,0.835762739181519,0.412964433431625,True,186.686645507813,188.295364379883,45.6541023254395,True,0.838200449943542,0.379857063293457,True,2.61343383789063,True,2.295166015625
17,185.271879566667,True,-45.0122413635254,-79.1588439941406,593.272033691406,True,12.8770971298218,-79.5947418212891,588.221862792969,True,185.592697143555,178.231414794922,41.9910659790039,True,0.836218655109406,0.414349347352982,True,186.035171508789,185.712753295898,44.7140808105469,True,0.83702027797699,0.388708472251892,True,2.62255859375,True,2.3011474609375
18,185.273546233333,True,-45.0153732299805,-79.1593322753906,593.258056640625,True,12.8754291534424,-79.5954971313477,588.240905761719,True,185.76025390625,177.728332519531,41.8079948425293,True,0.836522161960602,0.416073560714722,True,186.638336181641,185.248718261719,44.5452575683594,True,0.838112950325012,0.3902987241745,True,2.61421203613281,True,2.30873107910156
19,185.2752129,True,-45.013671875,-79.1573944091797,593.244812011719,True,12.8759908676147,-79.5963821411133,588.233825683594,True,185.374053955078,179.592407226563,42.4864921569824,True,0.835822582244873,0.409684717655182,True,186.092269897461,185.543334960938,44.6525039672852,True,0.837123692035675,0.389289081096649,True,2.61637878417969,True,2.30433654785156
20,185.276879566667,True,-45.0199317932129,-79.1605224609375,593.294067382813,True,12.8727607727051,-79.5942535400391,588.22802734375,True,186.687088012695,179.013610839844,42.275821685791,True,0.838201284408569,0.411668449640274,True,188.484771728516,184.678359985352,44.3376083374023,True,0.841457843780518,0.392253637313843,True,2.59835815429688,True,2.30674743652344
21,185.278546233333,True,-45.0238838195801,-79.1638259887695,593.289306640625,True,12.871618270874,-79.5946273803711,588.232666015625,True,186.908843994141,178.17268371582,41.9697723388672,True,0.838603019714355,0.414550542831421,True,187.511871337891,187.016311645508,45.1885528564453,True,0.839695453643799,0.384240806102753,True,2.60649108886719,True,2.29997253417969
22,185.2802129,False,0,0,0,True,12.8729686737061,-79.5959014892578,588.248657226563,False,0,0,0,False,0,0,True,187.973022460938,186.382369995117,44.9577903747559,True,0.840530872344971,0.386413544416428,False,0,True,2.29769897460938
23,185.281879566667,True,-45.0281410217285,-79.1639785766602,593.298217773438,True,12.8740339279175,-79.5982971191406,588.243347167969,True,185.410614013672,179.507400512695,42.4555130004883,True,0.835888803005219,0.409976065158844,True,185.812713623047,185.816986083984,44.7520904541016,True,0.836617231369019,0.388351112604141,True,2.59811401367188,True,2.298583984375
24,185.283546233333,True,-45.0298042297363,-79.1613464355469,593.268310546875,True,12.8698234558105,-79.6007995605469,588.26904296875,True,191.53092956543,176.906921386719,41.5090484619141,True,0.846976280212402,0.418888717889786,True,186.603561401367,185.207702636719,44.5302734375,True,0.83804988861084,0.390439331531525,True,2.57713317871094,True,2.29461669921875
25,185.2852129,True,-45.0300979614258,-79.1647796630859,593.279052734375,True,12.8700923919678,-79.5956802368164,588.254821777344,True,186.311737060547,179.014617919922,42.2761878967285,True,0.837521314620972,0.411664992570877,True,188.008728027344,186.064300537109,44.842098236084,True,0.840595483779907,0.387503564357758,True,2.607177734375,True,2.28738403320313
26,185.286879566667,True,-45.0334625244141,-79.1677093505859,593.293090820313,True,12.8680305480957,-79.5979995727539,588.2490234375,True,185.083023071289,177.279357910156,41.6446342468262,True,0.83529531955719,0.417612224817276,True,186.989471435547,184.141372680664,44.1421699523926,True,0.83874899148941,0.394094079732895,True,2.60102844238281,True,2.30165100097656
27,185.288546233333,True,-45.0352249145508,-79.1657562255859,593.309631347656,True,12.8683052062988,-79.6004257202148,588.261474609375,True,187.28288269043,180.102081298828,42.6719818115234,True,0.839280605316162,0.407937943935394,True,185.906265258789,184.525909423828,44.2821273803711,True,0.836786687374115,0.392776101827621,True,2.60615539550781,True,2.29347229003906
28,185.2902129,True,-45.0347633361816,-79.1669845581055,593.305908203125,True,12.8696384429932,-79.6017990112305,588.279418945313,True,187.20817565918,180.989349365234,42.9948997497559,True,0.839145302772522,0.404896974563599,True,187.031036376953,186.995956420898,45.1811332702637,True,0.838824272155762,0.38431054353714,True,2.59016418457031,True,2.30160522460938
29,185.291879566667,True,-45.0371170043945,-79.1692276000977,593.3134765625,True,12.8681106567383,-79.6024932861328,588.281982421875,True,186.2509765625,181.507843017578,43.1836242675781,True,0.837411165237427,0.403119921684265,True,186.606872558594,186.915817260742,45.1520004272461,True,0.838055968284607,0.38458514213562,True,2.60273742675781,True,2.29766845703125
30,185.293546233333,True,-45.0415725708008,-79.1707382202148,593.324768066406,True,12.8688983917236,-79.5978469848633,588.28564453125,True,186.596572875977,180.588119506836,42.8489532470703,True,0.838037252426147,0.406272023916245,True,186.572113037109,190.135971069336,46.3240242004395,True,0.837993025779724,0.373548746109009,True,2.60427856445313,True,2.27340698242188
31,185.2952129,True,-45.0443153381348,-79.1742248535156,593.329284667969,True,12.867561340332,-79.6016311645508,588.288513183594,True,187.184448242188,179.031341552734,42.2822799682617,True,0.839102268218994,0.411607682704926,True,187.201110839844,187.144561767578,45.2352066040039,True,0.83913254737854,0.383801281452179,True,2.60601806640625,True,2.28782653808594
32,185.296879566667,False,0,0,0,True,12.8663301467896,-79.6015319824219,588.269226074219,False,0,0,0,False,0,0,True,187.636749267578,186.682830810547,45.0671920776367,True,0.839921653270721,0.385383665561676,False,0,True,2.28553771972656
33,185.298546233333,True,-45.0473251342773,-79.1720657348633,593.3115234375,True,12.86598777771,-79.6050720214844,588.286560058594,True,186.768005371094,179.600006103516,42.4892349243164,True,0.838347852230072,0.40965873003006,True,186.495635986328,185.744918823242,44.7258071899414,True,0.837854504585266,0.388598203659058,True,2.5933837890625,True,2.27107238769531
34,185.3002129,True,-45.0484008789063,-79.1753234863281,593.309753417969,True,12.8666343688965,-79.6061782836914,588.3115234375,True,185.453063964844,177.027603149414,41.5529975891113,True,0.835965752601624,0.418474972248077,True,186.582702636719,188.212097167969,45.6237945556641,True,0.838012158870697,0.380142390727997,True,2.59622192382813,True,2.28814697265625
35,185.301879566667,True,-45.0459747314453,-79.1712112426758,593.295349121094,True,12.8658542633057,-79.6048126220703,588.3095703125,True,187.656265258789,181.574508666992,43.2079124450684,True,0.839956998825073,0.402891486883163,True,187.104949951172,187.695007324219,45.4355964660645,True,0.838958263397217,0.381914615631104,True,2.58607482910156,True,2.28387451171875
36,185.303546233333,True,-45.0485382080078,-79.1722793579102,593.329162597656,True,12.864408493042,-79.6046905517578,588.311462402344,True,188.090530395508,181.742782592773,43.2691802978516,True,0.840743780136108,0.402314722537994,True,187.343719482422,186.956634521484,45.1668128967285,True,0.839390814304352,0.384445369243622,True,2.58576965332031,True,2.26629638671875
37,185.3052129,True,-45.0507621765137,-79.1755218505859,593.329711914063,True,12.864146232605,-79.6089630126953,588.337158203125,True,187.595764160156,179.791412353516,42.5589027404785,True,0.839847445487976,0.409002721309662,True,188.320495605469,185.990173339844,44.8150787353516,True,0.841160297393799,0.38775759935379,True,2.59524536132813,True,2.28167724609375
38,185.306879566667,True,-45.0498008728027,-79.1744232177734,593.31640625,True,12.8633251190186,-79.604866027832,588.306579589844,True,185.508636474609,179.575622558594,42.4803504943848,True,0.836066365242004,0.40974223613739,True,187.007293701172,185.28825378418,44.5596046447754,True,0.838781356811523,0.390163362026215,True,2.58854675292969,True,2.27738952636719
39,185.308546233333,True,-45.0516891479492,-79.1750869750977,593.326477050781,True,12.8651418685913,-79.6084213256836,588.331665039063,True,187.243728637695,181.847595214844,43.3072891235352,True,0.839209675788879,0.401955544948578,True,185.010101318359,185.860198974609,44.7677841186523,True,0.835163235664368,0.388203144073486,True,2.58555603027344,True,2.28497314453125
40,185.3102129,True,-45.0500335693359,-79.1762619018555,593.310729980469,True,12.86208152771,-79.6064987182617,588.325988769531,True,187.33056640625,179.579284667969,42.4817237854004,True,0.839367032051086,0.409729659557343,True,187.246658325195,184.015396118164,44.0962944030762,True,0.839215040206909,0.394525825977325,True,2.59129333496094,True,2.28425598144531
41,185.311879566667,True,-45.0526275634766,-79.1768417358398,593.310485839844,True,12.8628959655762,-79.6088256835938,588.343627929688,True,186.305541992188,179.214431762695,42.3489074707031,True,0.837510108947754,0.41098016500473,True,185.707275390625,184.352783203125,44.219123840332,True,0.836426198482513,0.393369495868683,True,2.59335327148438,True,2.28488159179688
42,185.313546233333,True,-45.0546531677246,-79.1769409179688,593.330505371094,True,12.8628873825073,-79.6055374145508,588.326477050781,True,187.708465576172,180.326766967773,42.753791809082,True,0.840051591396332,0.407167792320251,True,186.860809326172,185.898864746094,44.7818756103516,True,0.838515996932983,0.388070523738861,True,2.57583618164063,True,2.28201293945313
43,185.3152129,True,-45.0512771606445,-79.1726913452148,593.278381347656,True,12.8636608123779,-79.6089935302734,588.332824707031,True,188.903167724609,182.030502319336,43.3738327026367,True,0.842215895652771,0.401328682899475,True,186.203918457031,184.784713745117,44.3763465881348,True,0.837325990200043,0.391889095306396,True,2.56866455078125,True,2.28485107421875
44,185.316879566667,True,-45.0553283691406,-79.1766662597656,593.309692382813,True,12.8649749755859,-79.6074829101563,588.3505859375,True,186.673065185547,180.101531982422,42.6718330383301,True,0.83817583322525,0.407939732074738,True,186.255096435547,187.304565429688,45.29345703125,True,0.837418735027313,0.383252859115601,True,2.58387756347656,True,2.27888488769531
45,185.318546233333,True,-45.0557327270508,-79.1784210205078,593.294799804688,True,12.8622417449951,-79.6075897216797,588.346557617188,True,188.255798339844,178.273468017578,42.0063896179199,True,0.84104311466217,0.414205133914948,True,186.9111328125,183.500564575195,43.9088973999023,True,0.83860719203949,0.396290332078934,True,2.59562683105469,True,2.27534484863281
46,185.3202129,True,-45.0561981201172,-79.1798095703125,593.314514160156,True,12.8624334335327,-79.6058654785156,588.345275878906,True,186.982788085938,181.31591796875,43.1137847900391,True,0.838736891746521,0.403777807950974,True,188.031066894531,184.680572509766,44.3384208679199,True,0.84063595533371,0.392246037721634,True,2.57122802734375,True,2.27789306640625
47,185.321879566667,True,-45.0583419799805,-79.1802825927734,593.315246582031,True,12.862401008606,-79.6095809936523,588.347106933594,True,186.804229736328,178.265167236328,42.0034332275391,True,0.83841347694397,0.414233565330505,True,185.950836181641,184.208831787109,44.1667022705078,True,0.836867451667786,0.393862903118134,True,2.57942199707031,True,2.27888488769531
48,185.323546233333,True,-45.0594711303711,-79.1815795898438,593.328491210938,True,12.8630104064941,-79.6099700927734,588.35302734375,True,188.066925048828,180.492767333984,42.814208984375,True,0.84070098400116,0.40659886598587,True,186.997299194336,185.32063293457,44.5713729858398,True,0.838763236999512,0.390052378177643,True,2.57783508300781,True,2.28663635253906
49,185.3252129,True,-45.0597610473633,-79.1833038330078,593.315612792969,True,12.8629188537598,-79.6080856323242,588.347412109375,True,186.509033203125,179.358215332031,42.4012756347656,True,0.837878704071045,0.410487353801727,True,186.351470947266,186.649948120117,45.0552062988281,True,0.83759331703186,0.385496437549591,True,2.57261657714844,True,2.2628173828125
50,185.326879566667,True,-45.0594367980957,-79.1813812255859,593.320617675781,True,12.8634586334229,-79.6100769042969,588.373474121094,True,187.251495361328,180.612152099609,42.8576469421387,True,0.839223682880402,0.406189680099487,True,186.67219543457,185.608840942383,44.67626953125,True,0.838174343109131,0.38906466960907,True,2.57762145996094,True,2.27850341796875
51,185.328546233333,True,-45.0615081787109,-79.1835479736328,593.34130859375,True,12.8627691268921,-79.6119232177734,588.360717773438,True,188.042999267578,181.893081665039,43.3238906860352,True,0.840657591819763,0.401799499988556,True,185.043975830078,185.089294433594,44.4871788024902,True,0.835224568843842,0.390845209360123,True,2.56710815429688,True,2.27545166015625
52,185.3302129,True,-45.0642547607422,-79.184700012207,593.330932617188,True,12.8609256744385,-79.6040115356445,588.330322265625,True,187.771759033203,177.233169555664,41.6278114318848,True,0.84016627073288,0.417770534753799,True,186.987243652344,187.826690673828,45.483512878418,True,0.83874499797821,0.381463348865509,True,2.58969116210938,True,2.26115417480469
53,185.331879566667,True,-45.0631141662598,-79.1833190917969,593.334655761719,True,12.8606796264648,-79.6083831787109,588.34326171875,True,187.813659667969,178.222503662109,41.9878845214844,True,0.840242147445679,0.414379835128784,True,187.524536132813,185.135101318359,44.5038261413574,True,0.839718341827393,0.390688300132751,True,2.56866455078125,True,2.26835632324219
54,185.333546233333,True,-45.0653038024902,-79.186408996582,593.333374023438,True,12.8610000610352,-79.609130859375,588.364013671875,True,187.110321044922,179.767822265625,42.5503120422363,True,0.83896791934967,0.4090835750103,True,185.726943969727,188.059417724609,45.5682411193848,True,0.836461901664734,0.380665719509125,True,2.59208679199219,True,2.25883483886719
55,185.3352129,True,-45.0634078979492,-79.1835403442383,593.300354003906,True,12.8611316680908,-79.6116561889648,588.377319335938,True,187.742004394531,178.852874755859,42.2173271179199,True,0.840112328529358,0.412219375371933,True,186.127899169922,185.376159667969,44.5916137695313,True,0.837188243865967,0.389862090349197,True,2.57310485839844,True,2.26954650878906
56,185.336879566667,False,0,0,0,True,12.8613958358765,-79.6092529296875,588.365173339844,False,0,0,0,False,0,0,True,188.00651550293,187.912963867188,45.5149154663086,True,0.840591549873352,0.381167620420456,False,0,True,2.26461791992188
57,185.338546233333,True,-45.0661277770996,-79.1884078979492,593.333984375,True,12.860424041748,-79.6146469116211,588.393615722656,True,191.939071655273,177.945037841797,41.8868980407715,True,0.847715735435486,0.415330737829208,True,186.83088684082,184.574462890625,44.2998199462891,True,0.838461756706238,0.392609685659409,True,2.52143859863281,True,2.26840209960938
58,185.3402129,True,-45.064640045166,-79.18408203125,593.315124511719,True,12.8617000579834,-79.61474609375,588.39892578125,True,187.595916748047,179.920669555664,42.6059761047363,True,0.839847683906555,0.408559679985046,True,186.772888183594,185.711227416992,44.713550567627,True,0.838356733322144,0.388713657855988,True,2.57406616210938,True,2.26853942871094
59,185.341879566667,True,-45.0674133300781,-79.1871109008789,593.329833984375,True,12.8609437942505,-79.6121826171875,588.384704589844,True,186.866088867188,179.339950561523,42.3946228027344,True,0.838525533676147,0.410549938678741,True,185.436264038086,188.41650390625,45.698184967041,True,0.835935235023499,0.379441887140274,True,2.56367492675781,True,2.26614379882813
60,185.343546233333,True,-45.0683975219727,-79.1883392333984,593.328674316406,True,12.8608026504517,-79.6134033203125,588.373046875,True,186.650512695313,177.846008300781,41.8508377075195,True,0.838135004043579,0.415670126676559,True,186.787063598633,185.754089355469,44.7291564941406,True,0.838382363319397,0.388566732406616,True,2.57685852050781,True,2.26702880859375
61,185.3452129,True,-45.0668106079102,-79.1835479736328,593.335693359375,True,12.8589582443237,-79.614501953125,588.385131835938,True,188.340087890625,180.725128173828,42.8987731933594,True,0.84119588136673,0.405802547931671,True,188.398422241211,185.768295288086,44.7342987060547,True,0.841301441192627,0.388518124818802,True,2.56277465820313,True,2.26869201660156
62,185.346879566667,True,-45.068000793457,-79.1874694824219,593.337341308594,True,12.8596153259277,-79.6162872314453,588.383056640625,True,187.354827880859,179.953216552734,42.6178512573242,True,0.839410960674286,0.408448100090027,True,186.155654907227,185.592636108398,44.6703720092773,True,0.837238550186157,0.389120131731033,True,2.55587768554688,True,2.26821899414063
63,185.348546233333,True,-45.0699920654297,-79.1857376098633,593.340270996094,True,12.8596754074097,-79.6143035888672,588.369750976563,True,189.516357421875,179.303207397461,42.3812294006348,True,0.843326687812805,0.410675942897797,True,186.653472900391,186.796813964844,45.1086883544922,True,0.838140368461609,0.384993016719818,True,2.564208984375,True,2.26025390625
64,185.3502129,True,-45.0713157653809,-79.1913299560547,593.336059570313,True,12.8576164245605,-79.6162109375,588.382507324219,True,186.697219848633,177.208419799805,41.6187477111816,True,0.838219523429871,0.41785541176796,True,188.099853515625,184.662368774414,44.3317718505859,True,0.840760588645935,0.392308503389359,True,2.55723571777344,True,2.26472473144531
65,185.351879566667,True,-45.070629119873,-79.1882476806641,593.332275390625,True,12.8595428466797,-79.6172332763672,588.384521484375,True,187.539199829102,178.21484375,41.9851417541504,True,0.839744925498962,0.414405971765518,True,185.161270141602,186.143310546875,44.8708305358887,True,0.835437119007111,0.387232810258865,True,2.555419921875,True,2.26568603515625
66,185.353546233333,False,0,0,0,True,12.8592319488525,-79.6207275390625,588.400451660156,False,0,0,0,False,0,0,True,186.637619018555,185.069671630859,44.4800338745117,True,0.838111639022827,0.390912413597107,False,0,True,2.26870727539063
67,185.3552129,True,-45.0738296508789,-79.1900787353516,593.349914550781,True,12.8584003448486,-79.6205749511719,588.385314941406,True,188.224044799805,179.332641601563,42.3919792175293,True,0.840985536575317,0.41057500243187,True,186.384994506836,185.11279296875,44.4956970214844,True,0.837653934955597,0.390764772891998,True,2.57644653320313,True,2.26118469238281
68,185.356879566667,True,-45.0727233886719,-79.1886672973633,593.335693359375,True,12.8594846725464,-79.6208953857422,588.388061523438,True,188.040740966797,179.145935058594,42.3239593505859,True,0.840653598308563,0.411214917898178,True,186.574752807617,184.529830932617,44.2835807800293,True,0.837997794151306,0.392762690782547,True,2.56198120117188,True,2.26475524902344
69,185.358546233333,True,-45.072624206543,-79.1869735717773,593.331481933594,True,12.8577499389648,-79.6232986450195,588.389770507813,True,187.645660400391,179.750244140625,42.5439300537109,True,0.839937806129456,0.409143805503845,True,186.043334960938,183.240264892578,43.8142166137695,True,0.837035059928894,0.39718234539032,True,2.56146240234375,True,2.261474609375
70,185.3602129,True,-45.074520111084,-79.1877975463867,593.357543945313,True,12.8587436676025,-79.624137878418,588.400146484375,True,187.334167480469,180.463745117188,42.8036003112793,True,0.839373469352722,0.406698405742645,True,186.204208374023,184.050842285156,44.1092567443848,True,0.837326526641846,0.394404292106628,True,2.55410766601563,True,2.27139282226563
71,185.361879566667,True,-45.0751419067383,-79.1893539428711,593.352844238281,True,12.8615188598633,-79.6230773925781,588.399475097656,True,187.487457275391,178.580993652344,42.1183776855469,True,0.839651226997375,0.413151144981384,True,186.071090698242,188.389587402344,45.6884078979492,True,0.837085366249084,0.379534125328064,True,2.55955505371094,True,2.24607849121094
72,185.363546233333,True,-45.0752372741699,-79.189338684082,593.35546875,True,12.8577537536621,-79.6249694824219,588.402282714844,True,189.813415527344,178.515625,42.0945777893066,True,0.843864917755127,0.41337513923645,True,185.145233154297,183.804168701172,44.0194129943848,True,0.835408091545105,0.395249783992767,True,2.55348205566406,True,2.25596618652344
73,185.3652129,True,-45.0748405456543,-79.1921539306641,593.345336914063,True,12.8557872772217,-79.6225891113281,588.369323730469,True,186.379898071289,180.412384033203,42.7849273681641,True,0.837644696235657,0.406874418258667,True,185.736511230469,183.206604003906,43.8019714355469,True,0.836479187011719,0.39729768037796,True,2.56005859375,True,2.26536560058594
74,185.366879566667,True,-45.0761528015137,-79.1886825561523,593.346313476563,True,12.8573808670044,-79.6239471435547,588.383850097656,True,187.375183105469,179.092239379883,42.3044395446777,True,0.839447855949402,0.411398887634277,True,185.923309326172,185.791900634766,44.7428894042969,True,0.836817562580109,0.388437211513519,True,2.56158447265625,True,2.24526977539063
75,185.368546233333,True,-45.0778999328613,-79.1910018920898,593.354248046875,True,12.8568134307861,-79.6252822875977,588.38720703125,True,188.018463134766,179.935470581055,42.6113662719727,True,0.840613126754761,0.408508896827698,True,186.039886474609,184.608917236328,44.3123359680176,True,0.837028861045837,0.392491638660431,True,2.54414367675781,True,2.27159118652344
76,185.3702129,True,-45.0766487121582,-79.1860427856445,593.294555664063,True,12.858434677124,-79.6227111816406,588.392578125,True,188.463562011719,179.880081176758,42.5912132263184,True,0.841419458389282,0.408698737621307,True,187.154006958008,187.173690795898,45.2458152770996,True,0.839047133922577,0.383701384067535,True,2.55607604980469,True,2.25138854980469
77,185.371879566667,True,-45.0777969360352,-79.1899642944336,593.3349609375,True,12.856541633606,-79.6270446777344,588.400451660156,True,187.518051147461,179.568817138672,42.477912902832,True,0.839706659317017,0.409765541553497,True,185.367431640625,183.069900512695,43.7522048950195,True,0.835810542106628,0.397766292095184,True,2.54319763183594,True,2.25860595703125
78,185.373546233333,True,-45.0793037414551,-79.1911392211914,593.318603515625,True,12.8590869903564,-79.6253280639648,588.417846679688,True,186.370834350586,179.504348754883,42.454418182373,True,0.837628364562988,0.409986555576324,True,187.823181152344,187.880294799805,45.5030403137207,True,0.840259373188019,0.381279647350311,True,2.55442810058594,True,2.24639892578125
79,185.3752129,True,-45.081714630127,-79.1906433105469,593.335510253906,True,12.8580045700073,-79.6278839111328,588.405578613281,True,186.527725219727,176.386413574219,41.3195953369141,True,0.837912559509277,0.420672625303268,True,185.630569458008,185.239685058594,44.5419387817383,True,0.836287260055542,0.390329778194427,True,2.56747436523438,True,2.26036071777344
80,185.376879566667,True,-45.0805282592773,-79.1863098144531,593.307006835938,True,12.8574934005737,-79.6295166015625,588.413330078125,True,187.662658691406,182.057525634766,43.3836898803711,True,0.839968681335449,0.401236057281494,True,187.299331665039,182.29426574707,43.4698600769043,True,0.83931040763855,0.400424659252167,True,2.54690551757813,True,2.259521484375
81,185.378546233333,True,-45.078914642334,-79.1876220703125,593.29345703125,True,12.8591289520264,-79.6287536621094,588.412109375,True,186.555297851563,180.773803710938,42.9164772033691,True,0.837962448596954,0.405635684728622,True,185.134475708008,184.815460205078,44.3875122070313,True,0.835388600826263,0.391783833503723,True,2.55073547363281,True,2.25672912597656
82,185.3802129,True,-45.0806159973145,-79.1909942626953,593.338256835938,True,12.8581466674805,-79.6310806274414,588.427368164063,True,187.245391845703,178.200897216797,41.9799842834473,True,0.839212656021118,0.414453864097595,True,185.407363891602,185.004211425781,44.4562110900879,True,0.835882902145386,0.391136854887009,True,2.56353759765625,True,2.26283264160156
83,185.381879566667,True,-45.083610534668,-79.1949768066406,593.348022460938,True,12.8564748764038,-79.6298370361328,588.415405273438,True,185.293258666992,176.89924621582,41.5062370300293,True,0.835676312446594,0.418915033340454,True,185.800811767578,184.4912109375,44.2695617675781,True,0.836595714092255,0.392894983291626,True,2.54486083984375,True,2.25239562988281
84,185.383546233333,True,-45.0824432373047,-79.1905517578125,593.309997558594,True,12.855260848999,-79.6284561157227,588.404663085938,True,185.712905883789,179.238464355469,42.3576812744141,True,0.83643639087677,0.410897791385651,True,186.708023071289,184.654846191406,44.3290672302246,True,0.838239192962646,0.392334192991257,True,2.54740905761719,True,2.266845703125
85,185.3852129,True,-45.0799903869629,-79.1934051513672,593.338684082031,True,12.8536539077759,-79.6335830688477,588.394714355469,True,187.726791381836,181.288970947266,43.1039962768555,True,0.840084791183472,0.403870105743408,True,186.737518310547,182.481109619141,43.5378913879395,True,0.838292598724365,0.3997842669487,True,2.5450439453125,True,2.25906372070313
86,185.386879566667,True,-45.0783576965332,-79.1974411010742,593.34423828125,True,12.8576211929321,-79.6368103027344,588.405395507813,True,189.186569213867,179.101959228516,42.307991027832,True,0.842729330062866,0.41136559844017,True,186.057037353516,186.189544677734,44.8876419067383,True,0.837059855461121,0.38707435131073,True,2.54898071289063,True,2.24974060058594
87,185.388546233333,True,-45.075984954834,-79.2074584960938,593.347412109375,True,12.854455947876,-79.6425552368164,588.386474609375,True,187.975128173828,180.523681640625,42.8255004882813,True,0.840534687042236,0.40649288892746,True,186.051742553711,185.618774414063,44.6798896789551,True,0.837050318717957,0.389030545949936,True,2.53375244140625,True,2.23599243164063
88,185.3902129,True,-45.0687408447266,-79.2307281494141,593.390380859375,True,12.8525123596191,-79.652473449707,588.379211425781,True,185.805374145508,174.887664794922,40.7741088867188,True,0.836603939533234,0.425809323787689,True,188.638641357422,186.961380004883,45.1685791015625,True,0.841736674308777,0.384428977966309,True,2.55905151367188,True,2.24465942382813
89,185.391879566667,True,-45.0558853149414,-79.2559051513672,593.390441894531,True,12.8479795455933,-79.672004699707,588.389770507813,True,188.558502197266,173.243377685547,40.1756362915039,True,0.841591477394104,0.431444764137268,True,187.452026367188,176.538955688477,41.3751182556152,True,0.839587032794952,0.420149803161621,True,2.55526733398438,True,2.25906372070313
90,185.393546233333,True,-45.0321960449219,-79.2877197265625,593.384033203125,True,12.8506355285645,-79.7021942138672,588.437927246094,True,190.792434692383,172.751068115234,39.996452331543,True,0.845638513565063,0.433132082223892,True,189.404220581055,176.546508789063,41.3779258728027,True,0.843123555183411,0.420123875141144,True,2.54971313476563,True,2.25765991210938
91,185.3952129,True,-45.0166015625,-79.320068359375,593.406188964844,True,12.8510780334473,-79.7314605712891,588.407287597656,True,193.543212890625,170.256195068359,39.0884056091309,True,0.850621819496155,0.441682726144791,True,191.527267456055,170.280883789063,39.0973358154297,True,0.846969723701477,0.441598176956177,True,2.54344177246094,True,2.25430297851563
92,185.396879566667,True,-45.0003890991211,-79.3433990478516,593.322814941406,True,12.8452434539795,-79.7566604614258,588.420043945313,True,195.819717407227,166.061538696289,37.5616302490234,True,0.854745864868164,0.456059098243713,True,193.624725341797,164.785766601563,37.0973510742188,True,0.850769400596619,0.460431516170502,True,2.54867553710938,True,2.25485229492188
93,185.398546233333,True,-44.9794158935547,-79.3651962280273,593.246276855469,True,12.8387546539307,-79.7808837890625,588.40771484375,True,197.872711181641,163.06672668457,36.4715957641602,True,0.858465075492859,0.46632331609726,True,194.042617797852,160.273910522461,35.4551620483398,True,0.851526498794556,0.475895017385483,True,2.53852844238281,True,2.2431640625
94,185.4002129,True,-44.9665832519531,-79.3999404907227,593.228393554688,True,12.8203859329224,-79.7935791015625,588.314697265625,True,198.366256713867,156.253753662109,33.9919052124023,True,0.859359204769135,0.489673376083374,True,195.292068481445,151.448486328125,32.2429122924805,True,0.853790044784546,0.506142497062683,True,2.5557861328125,True,2.248291015625
95,185.401879566667,True,-44.9627647399902,-79.4408721923828,593.26123046875,True,12.8086814880371,-79.8215866088867,588.349670410156,True,199.296691894531,152.51806640625,32.6321754455566,True,0.861044764518738,0.502476751804352,True,194.61637878418,140.445434570313,28.238109588623,True,0.852565884590149,0.543853282928467,True,2.53469848632813,True,2.248291015625
96,185.403546233333,True,-44.9601249694824,-79.4668350219727,593.258666992188,True,12.8007564544678,-79.8450164794922,588.326538085938,True,199.707778930664,147.303970336914,30.7344398498535,True,0.861789464950562,0.520346999168396,True,193.955413818359,139.634155273438,27.9429016113281,True,0.851368486881256,0.546633660793304,True,2.53021240234375,True,2.24168395996094
97,185.4052129,True,-44.9602470397949,-79.4990081787109,593.320495605469,True,12.7889823913574,-79.8591995239258,588.310546875,True,198.232315063477,142.766235351563,29.0828323364258,True,0.859116554260254,0.53589916229248,True,194.477386474609,138.647918701172,27.5839099884033,True,0.852314114570618,0.550013899803162,True,2.53312683105469,True,2.22274780273438
98,185.406879566667,True,-44.9534187316895,-79.5199279785156,593.259582519531,True,12.78089427948,-79.8809509277344,588.292175292969,True,198.389770507813,139.910202026367,28.0433387756348,True,0.859401702880859,0.545687675476074,True,194.251739501953,133.834671020508,25.8320426940918,True,0.851905345916748,0.566510379314423,True,2.53121948242188,True,2.22010803222656
99,185.408546233333,True,-44.9525451660156,-79.5447082519531,593.252990722656,True,12.7726449966431,-79.8927536010742,588.275329589844,True,198.408782958984,137.697143554688,27.2378425598145,True,0.859436273574829,0.553272604942322,True,193.945404052734,129.830093383789,24.3744678497314,True,0.8513503074646,0.580235242843628,True,2.53700256347656,True,2.22364807128906
100,185.4102129,True,-44.9508171081543,-79.5609436035156,593.198852539063,True,12.7651033401489,-79.8975677490234,588.248962402344,True,197.459045410156,134.457092285156,26.0585746765137,True,0.857715606689453,0.564377129077911,True,192.686279296875,126.276275634766,23.0809535980225,True,0.849069356918335,0.592415332794189,True,2.539306640625,True,2.21762084960938
101,185.411879566667,True,-44.9544143676758,-79.5707855224609,593.220642089844,True,12.7587909698486,-79.9023284912109,588.221008300781,True,194.822738647461,130.722290039063,24.6992034912109,True,0.852939784526825,0.577177464962006,True,194.051940917969,120.393478393555,20.9398498535156,True,0.851543426513672,0.612577378749847,True,2.546875,True,2.2335205078125
102,185.413546233333,True,-44.957820892334,-79.5843505859375,593.222106933594,True,12.7548446655273,-79.9039688110352,588.16845703125,True,198.450317382813,129.889465332031,24.396110534668,True,0.859511494636536,0.580031752586365,True,193.922927856445,122.694686889648,21.7773761749268,True,0.851309657096863,0.604690551757813,True,2.52882385253906,True,2.22117614746094
103,185.4152129,True,-44.9605484008789,-79.5885009765625,593.211364746094,True,12.7592582702637,-79.9138488769531,588.197021484375,True,198.057479858398,130.476043701172,24.6095809936523,True,0.858799815177917,0.578021466732025,True,191.141418457031,116.679107666016,19.587963104248,True,0.846270799636841,0.625307619571686,True,2.52149963378906,True,2.22811889648438
104,185.416879566667,True,-44.9652557373047,-79.5931167602539,593.197875976563,True,12.7579717636108,-79.9170532226563,588.184509277344,True,197.696731567383,129.373199462891,24.2081623077393,True,0.8581463098526,0.581801235675812,True,195.395919799805,116.628005981445,19.5693378448486,True,0.853978157043457,0.625482797622681,True,2.53196716308594,True,2.23849487304688
105,185.418546233333,False,0,0,0,True,12.763557434082,-79.9226837158203,588.207946777344,False,0,0,0,False,0,0,True,196.63427734375,119.12540435791,20.4782676696777,True,0.856221556663513,0.616923451423645,False,0,True,2.23519897460938
106,185.4202129,True,-44.972541809082,-79.5924301147461,593.18017578125,True,12.7676229476929,-79.9259338378906,588.205200195313,True,195.17578125,127.853149414063,23.6549377441406,True,0.85357928276062,0.587010860443115,True,194.45166015625,115.546737670898,19.1757316589355,True,0.852267503738403,0.629188776016235,True,2.538818359375,True,2.24690246582031
107,185.421879566667,True,-44.9793891906738,-79.5944747924805,593.169189453125,True,12.77490234375,-79.9292602539063,588.210327148438,True,196.991241455078,128.331130981445,23.82887840271,True,0.856868267059326,0.585372686386108,True,195.140533447266,118.980361938477,20.4255065917969,True,0.85351550579071,0.617420554161072,True,2.53274536132813,True,2.23081970214844
108,185.423546233333,True,-44.9835891723633,-79.5963287353516,593.182922363281,True,12.7790241241455,-79.9338836669922,588.225708007813,True,197.014495849609,128.876800537109,24.0274562835693,True,0.856910347938538,0.583502531051636,True,194.171112060547,120.189170837402,20.8654727935791,True,0.851759314537048,0.613277673721313,True,2.53182983398438,True,2.22091674804688
109,185.4252129,True,-44.9866104125977,-79.5955581665039,593.174438476563,True,12.7814750671387,-79.936393737793,588.226867675781,True,197.08171081543,128.414352416992,23.8591384887695,True,0.857032060623169,0.585087537765503,True,194.698379516602,116.866653442383,19.6561241149902,True,0.852714478969574,0.624665021896362,True,2.53042602539063,True,2.23066711425781
110,185.426879566667,True,-44.9892501831055,-79.5961608886719,593.175537109375,True,12.7846832275391,-79.9365081787109,588.225158691406,True,195.965026855469,127.006591796875,23.3468036651611,True,0.855009138584137,0.589912295341492,True,193.191650390625,120.290031433105,20.902214050293,True,0.849984884262085,0.612931966781616,True,2.54275512695313,True,2.23367309570313
111,185.428546233333,True,-44.9932250976563,-79.5977172851563,593.192993164063,True,12.7853136062622,-79.9393310546875,588.225524902344,True,195.600936889648,128.310501098633,23.8213996887207,True,0.854349493980408,0.585443377494812,True,195.313766479492,116.528518676758,19.5330924987793,True,0.853829324245453,0.625823855400085,True,2.53436279296875,True,2.24105834960938
112,185.4302129,True,-44.9919281005859,-79.5954055786133,593.174926757813,True,12.7880344390869,-79.9412841796875,588.229797363281,True,195.211685180664,127.324325561523,23.4624328613281,True,0.853644371032715,0.588823318481445,True,194.195648193359,114.171920776367,18.6753902435303,True,0.851803660392761,0.63390064239502,True,2.51727294921875,True,2.23036193847656
113,185.431879566667,True,-44.9935302734375,-79.5954666137695,593.178771972656,True,12.7874612808228,-79.9396057128906,588.22900390625,True,195.235900878906,127.357536315918,23.474536895752,True,0.85368824005127,0.588709473609924,True,195.818481445313,115.800743103027,19.2681655883789,True,0.854743659496307,0.628318130970001,True,2.52818298339844,True,2.24592590332031
114,185.433546233333,True,-44.994457244873,-79.5985565185547,593.174072265625,True,12.7907161712646,-79.9422454833984,588.244079589844,True,193.744522094727,124.966934204102,22.6043815612793,True,0.850986421108246,0.596902847290039,True,194.189605712891,115.765777587891,19.2554950714111,True,0.851792752742767,0.628437936306,True,2.51947021484375,True,2.2352294921875
115,185.4352129,True,-44.9969253540039,-79.5999145507813,593.196350097656,True,12.7912979125977,-79.9398040771484,588.241760253906,True,194.952911376953,126.683464050293,23.2291965484619,True,0.853175580501556,0.591019749641418,True,194.514755249023,116.982322692871,19.6983280181885,True,0.852381825447083,0.624268412590027,True,2.53422546386719,True,2.23933410644531
116,185.436879566667,True,-44.9986953735352,-79.5973510742188,593.2158203125,True,12.7888965606689,-79.9416198730469,588.239868164063,True,193.467987060547,127.227760314941,23.4272785186768,True,0.850485444068909,0.589154243469238,True,191.680587768555,113.648864746094,18.4849967956543,True,0.84724748134613,0.635693252086639,True,2.51654052734375,True,2.25062561035156
117,185.438546233333,True,-45.000114440918,-79.5967559814453,593.200439453125,True,12.7878828048706,-79.9349060058594,588.220581054688,True,194.858840942383,126.877265930176,23.2996845245361,True,0.853005170822144,0.590355575084686,True,195.603744506836,115.676025390625,19.2228813171387,True,0.854354739189148,0.628745496273041,True,2.53614807128906,True,2.23307800292969
118,185.4402129,True,-45.0005264282227,-79.5978240966797,593.2021484375,True,12.7912673950195,-79.9385375976563,588.243408203125,True,195.210403442383,126.994293212891,23.3423233032227,True,0.853641986846924,0.589954376220703,True,194.121246337891,118.462890625,20.2371444702148,True,0.851668834686279,0.619194030761719,True,2.52708435058594,True,2.22509765625
119,185.441879566667,True,-44.9991683959961,-79.5946350097656,593.193664550781,True,12.792329788208,-79.9382629394531,588.256713867188,True,195.103424072266,125.828186035156,22.9179077148438,True,0.853448212146759,0.593951046466827,True,193.371429443359,117.445213317871,19.8667106628418,True,0.850310623645782,0.622682094573975,True,2.52011108398438,True,2.21684265136719
120,185.443546233333,True,-45.003288269043,-79.5990600585938,593.218383789063,True,12.7922706604004,-79.9378051757813,588.241821289063,True,194.160949707031,125.248519897461,22.7069511413574,True,0.851740837097168,0.595937728881836,True,190.906600952148,115.291854858398,19.0830135345459,True,0.845845282077789,0.630062162876129,True,2.52763366699219,True,2.22552490234375
121,185.4452129,True,-45.0043754577637,-79.5971298217773,593.223266601563,True,12.7926988601685,-79.9373626708984,588.247802734375,True,195.149627685547,129.354278564453,24.2012901306152,True,0.853531956672668,0.581866025924683,True,193.871276855469,115.255096435547,19.0696029663086,True,0.85121613740921,0.630188286304474,True,2.50579833984375,True,2.23728942871094
122,185.446879566667,True,-45.0037460327148,-79.59716796875,593.210388183594,True,12.7933835983276,-79.9357604980469,588.229125976563,True,196.339874267578,126.012641906738,22.9850196838379,True,0.855688154697418,0.593318819999695,True,194.731323242188,115.896995544434,19.3032417297363,True,0.852774143218994,0.627988278865814,True,2.52488708496094,True,2.22309875488281
123,185.448546233333,True,-45.0069427490234,-79.6001663208008,593.23388671875,True,12.7957801818848,-79.9375915527344,588.243530273438,True,196.648345947266,128.354125976563,23.8372707366943,True,0.856247067451477,0.585293889045715,True,193.958572387695,119.828956604004,20.7343826293945,True,0.851374268531799,0.614512205123901,True,2.52693176269531,True,2.22744750976563
124,185.4502129,True,-45.0061798095703,-79.5996246337891,593.218872070313,True,12.797082901001,-79.9391021728516,588.269165039063,True,194.614624023438,127.503784179688,23.5277557373047,True,0.852562725543976,0.588208258152008,True,191.860321044922,115.606079101563,19.1973743438721,True,0.847572982311249,0.628985285758972,True,2.52389526367188,True,2.23316955566406
125,185.451879566667,True,-45.0074157714844,-79.5955963134766,593.235290527344,True,12.7969741821289,-79.9396362304688,588.249206542969,True,196.052917480469,131.575134277344,25.0096054077148,True,0.855168342590332,0.574254512786865,True,193.538665771484,113.974952697754,18.603645324707,True,0.850613594055176,0.634575605392456,True,2.5020751953125,True,2.23553466796875
126,185.453546233333,True,-45.0114669799805,-79.6005401611328,593.236999511719,True,12.7975606918335,-79.9407043457031,588.238037109375,True,193.776519775391,126.126945495605,23.0266208648682,True,0.851044416427612,0.592927098274231,True,192.74983215332,119.551147460938,20.6332359313965,True,0.849184513092041,0.615464329719543,True,2.52403259277344,True,2.22193908691406
127,185.4552129,True,-45.0116653442383,-79.6006927490234,593.250305175781,True,12.797290802002,-79.9397048950195,588.255676269531,True,194.934661865234,126.569000244141,23.187536239624,True,0.853142499923706,0.591412007808685,True,193.976745605469,117.044769287109,19.7210216522217,True,0.851407170295715,0.624054431915283,True,2.52005004882813,True,2.23562622070313
128,185.456879566667,True,-45.0110168457031,-79.5989151000977,593.236999511719,True,12.7972259521484,-79.9397048950195,588.237976074219,True,192.118682861328,127.639846801758,23.5772762298584,True,0.848041117191315,0.587741911411285,True,193.422744750977,116.938079833984,19.6821632385254,True,0.850403547286987,0.62442010641098,True,2.51466369628906,True,2.23719787597656
129,185.458546233333,True,-45.0109672546387,-79.5989151000977,593.232788085938,True,12.8001365661621,-79.9398956298828,588.250305175781,True,194.863983154297,127.878036499023,23.6639957427979,True,0.853014469146729,0.586925566196442,True,192.989669799805,117.665161132813,19.9468250274658,True,0.849618971347809,0.621928095817566,True,2.50746154785156,True,2.22123718261719
130,185.4602129,True,-45.0143814086914,-79.599853515625,593.253173828125,True,12.8016262054443,-79.9426498413086,588.271545410156,True,194.078063964844,126.250564575195,23.0716571807861,True,0.851590752601624,0.592503309249878,True,192.837219238281,117.393325805664,19.8478145599365,True,0.84934276342392,0.62285989522934,True,2.52200317382813,True,2.23069763183594
131,185.461879566667,True,-45.0160217285156,-79.5978393554688,593.254089355469,True,12.798490524292,-79.9411773681641,588.253295898438,True,193.911712646484,126.995552062988,23.3427848815918,True,0.85128927230835,0.589950144290924,True,194.373153686523,117.312004089355,19.8182792663574,True,0.852125227451324,0.623138546943665,True,2.52033996582031,True,2.23490905761719
132,185.463546233333,True,-45.015941619873,-79.598876953125,593.258178710938,True,12.7987537384033,-79.9399795532227,588.236083984375,True,193.610656738281,127.362838745117,23.476448059082,True,0.8507439494133,0.588691353797913,True,194.951354980469,115.815773010254,19.2737197875977,True,0.853172779083252,0.628266572952271,True,2.509765625,True,2.22488403320313
133,185.4652129,True,-45.0161285400391,-79.5980377197266,593.239501953125,True,12.8008041381836,-79.9423522949219,588.254028320313,True,194.749771118164,128.3701171875,23.8430995941162,True,0.852807521820068,0.585239052772522,True,193.718246459961,114.704391479492,18.8692150115967,True,0.85093879699707,0.632075607776642,True,2.51397705078125,True,2.23153686523438
134,185.466879566667,True,-45.0183715820313,-79.5998992919922,593.256896972656,True,12.801362991333,-79.9409713745117,588.238952636719,True,194.980224609375,126.61344909668,23.2036590576172,True,0.85322505235672,0.591259777545929,True,194.259490966797,117.170028686523,19.7665596008301,True,0.85191935300827,0.623625218868256,True,2.52621459960938,True,2.21881103515625
135,185.468546233333,True,-45.0207748413086,-79.6012878417969,593.274169921875,True,12.8001441955566,-79.9393615722656,588.234558105469,True,193.387832641602,127.274490356445,23.444278717041,True,0.850340306758881,0.588994085788727,True,195.191268920898,113.453170776367,18.4137229919434,True,0.853607416152954,0.636363983154297,True,2.51467895507813,True,2.2454833984375
136,185.4702129,False,0,0,0,True,12.8031387329102,-79.9386596679688,588.247436523438,False,0,0,0,False,0,0,True,195.799942016602,117.878875732422,20.0246181488037,True,0.854710042476654,0.621195673942566,False,0,True,2.23258972167969
137,185.471879566667,True,-45.0217094421387,-79.5986938476563,593.255737304688,True,12.8029890060425,-79.9370803833008,588.224426269531,True,193.804580688477,123.393341064453,22.0316886901855,True,0.851095259189606,0.602295994758606,True,194.867736816406,116.720153808594,19.6028099060059,True,0.853021264076233,0.62516713142395,True,2.52496337890625,True,2.24038696289063
138,185.473546233333,True,-45.0174674987793,-79.5927429199219,593.221313476563,True,12.8048505783081,-79.9364166259766,588.238098144531,True,193.732452392578,128.770904541016,23.9889755249023,True,0.850964605808258,0.583865523338318,True,194.082046508789,119.545364379883,20.6310691833496,True,0.851597905158997,0.615484237670898,True,2.52021789550781,True,2.20808410644531
139,185.4752129,True,-45.0228080749512,-79.5961303710938,593.253601074219,True,12.8060245513916,-79.939453125,588.222534179688,True,194.077682495117,125.652252197266,22.8538608551025,True,0.851590037345886,0.59455406665802,True,194.061187744141,116.310508728027,19.4537391662598,True,0.851560115814209,0.62657105922699,True,2.52534484863281,True,2.2359619140625
140,185.476879566667,True,-45.0232009887695,-79.5973968505859,593.266540527344,True,12.8100261688232,-79.9427185058594,588.261108398438,True,194.003723144531,127.51252746582,23.5309505462646,True,0.851456046104431,0.588178277015686,True,193.210998535156,116.972450256348,19.6946964263916,True,0.850019991397858,0.624302327632904,True,2.51948547363281,True,2.23323059082031
141,185.478546233333,True,-45.024486541748,-79.5969619750977,593.257629394531,True,12.8071346282959,-79.936897277832,588.197143554688,True,194.282516479492,126.815536499023,23.2772426605225,True,0.851961076259613,0.590567111968994,True,192.045349121094,116.419471740723,19.4934463500977,True,0.84790825843811,0.626197457313538,True,2.50315856933594,True,2.22080993652344
142,185.4802129,True,-45.0251617431641,-79.5993347167969,593.268127441406,True,12.8108015060425,-79.9362945556641,588.211791992188,True,192.832397460938,126.043113708496,22.9961643218994,True,0.849334120750427,0.593214392662048,True,193.458450317383,118.636199951172,20.3002452850342,True,0.850468218326569,0.618600130081177,True,2.51626586914063,True,2.21498107910156
143,185.481879566667,True,-45.0238304138184,-79.5945587158203,593.253845214844,True,12.8107786178589,-79.9365158081055,588.216674804688,True,194.8662109375,128.593185424805,23.9243144989014,True,0.853018522262573,0.584474563598633,True,195.677139282227,118.431968688965,20.2258491516113,True,0.854487538337708,0.619300246238708,True,2.50825500488281,True,2.23518371582031
144,185.483546233333,True,-45.0255126953125,-79.5955276489258,593.25244140625,True,12.8125343322754,-79.9403610229492,588.224426269531,True,193.915679931641,125.615264892578,22.8404121398926,True,0.851296484470367,0.594680786132813,True,195.187835693359,116.88005065918,19.6610412597656,True,0.853601157665253,0.624619007110596,True,2.50971984863281,True,2.23342895507813
145,185.4852129,True,-45.0247611999512,-79.5915679931641,593.233581542969,True,12.8119487762451,-79.9369201660156,588.203552246094,True,196.749084472656,127.513214111328,23.5311985015869,True,0.85642945766449,0.588175892829895,True,193.85302734375,114.786849975586,18.899169921875,True,0.85118305683136,0.631793022155762,True,2.51460266113281,True,2.23335266113281
146,185.486879566667,True,-45.0265197753906,-79.5938034057617,593.250183105469,True,12.81422996521,-79.9372024536133,588.200866699219,True,194.720642089844,127.713302612305,23.6040115356445,True,0.852754831314087,0.587490200996399,True,193.424224853516,114.900596618652,18.9405937194824,True,0.850406169891357,0.631403088569641,True,2.51744079589844,True,2.23286437988281
147,185.488546233333,True,-45.0265464782715,-79.5930099487305,593.256042480469,True,12.8163557052612,-79.9374160766602,588.210815429688,True,195.101821899414,128.339111328125,23.8318061828613,True,0.85344535112381,0.585345327854156,True,191.909790039063,117.519287109375,19.8937339782715,True,0.847662687301636,0.622428059577942,True,2.51191711425781,True,2.22714233398438
148,185.4902129,True,-45.0268249511719,-79.5925216674805,593.249450683594,False,0,0,0,True,194.698532104492,127.225967407227,23.4266147613525,True,0.852714776992798,0.589160442352295,False,0,0,0,False,0,0,True,2.51333618164063,False,0
149,185.491879566667,True,-45.027286529541,-79.5929870605469,593.247802734375,True,12.8174600601196,-79.9347915649414,588.193115234375,True,194.042327880859,126.511795043945,23.1666965484619,True,0.851525902748108,0.591608166694641,True,193.752288818359,120.240005493164,20.8840065002441,True,0.851000487804413,0.61310338973999,True,2.50689697265625,True,2.22343444824219
150,185.493546233333,True,-45.0244445800781,-79.5898742675781,593.211669921875,True,12.8176460266113,-79.9369659423828,588.205261230469,True,194.949661254883,125.259590148926,22.7109203338623,True,0.853169679641724,0.595899879932404,True,191.729476928711,117.004455566406,19.7063045501709,True,0.847336053848267,0.624192595481873,True,2.52116394042969,True,2.23188781738281
151,185.4952129,True,-45.027400970459,-79.5909118652344,593.255249023438,True,12.8175668716431,-79.9350204467773,588.1845703125,True,194.900054931641,126.948822021484,23.3257579803467,True,0.853079795837402,0.590110242366791,True,193.7421875,116.714584350586,19.600757598877,True,0.850982248783112,0.625186204910278,True,2.52316284179688,True,2.23678588867188
152,185.496879566667,True,-45.0281181335449,-79.5927810668945,593.255249023438,True,12.8205614089966,-79.9319763183594,588.164123535156,True,194.403244018555,127.948043823242,23.6894512176514,True,0.852179765701294,0.586685657501221,True,193.753921508789,118.644104003906,20.3030796051025,True,0.851003527641296,0.618573069572449,True,2.51202392578125,True,2.24227905273438
153,185.498546233333,True,-45.027904510498,-79.5907821655273,593.250610351563,True,12.8200283050537,-79.9312286376953,588.181274414063,True,192.634796142578,125.777137756348,22.8993396759033,True,0.848976135253906,0.594125986099243,True,193.07731628418,118.762382507324,20.3461513519287,True,0.849777698516846,0.618167698383331,True,2.5230712890625,True,2.23617553710938
154,185.5002129,True,-45.025505065918,-79.5906677246094,593.235656738281,True,12.8223648071289,-79.9318389892578,588.16748046875,True,194.794952392578,126.409942626953,23.1296539306641,True,0.85288941860199,0.591957151889801,True,193.467697143555,115.720993041992,19.2391662597656,True,0.85048496723175,0.628591477870941,True,2.50531005859375,True,2.24357604980469
155,185.501879566667,True,-45.0273704528809,-79.5898284912109,593.24755859375,False,0,0,0,True,195.489364624023,128.512725830078,23.8950252532959,True,0.854147434234619,0.584750294685364,False,0,0,0,False,0,0,True,2.51945495605469,False,0
156,185.503546233333,False,0,0,0,True,12.8245515823364,-79.9343719482422,588.184814453125,False,0,0,0,False,0,0,True,192.386627197266,116.52880859375,19.5331611633301,True,0.848526537418365,0.625822842121124,False,0,True,2.23623657226563
157,185.5052129,True,-45.0294952392578,-79.5918273925781,593.265380859375,True,12.8238668441772,-79.9279861450195,588.144775390625,True,193.656372070313,127.248497009277,23.4348793029785,True,0.850826859474182,0.589083194732666,True,192.448822021484,116.843231201172,19.6476097106934,True,0.848639190196991,0.62474524974823,True,2.51251220703125,True,2.24803161621094
158,185.506879566667,True,-45.0268936157227,-79.5872955322266,593.255798339844,True,12.8255920410156,-79.9304275512695,588.1689453125,True,193.284790039063,128.128204345703,23.7550315856934,True,0.850153684616089,0.586068212985992,True,193.384033203125,117.655540466309,19.9432983398438,True,0.850333452224731,0.621961116790771,True,2.50967407226563,True,2.24266052246094
159,185.508546233333,True,-45.0247192382813,-79.5891418457031,593.251770019531,True,12.8273124694824,-79.9300079345703,588.167602539063,True,184.585510253906,134.532409667969,26.0859832763672,True,0.834394037723541,0.564118981361389,True,194.143615722656,117.368392944336,19.838794708252,True,0.851709485054016,0.622945308685303,True,2.418701171875,True,2.224853515625
160,185.5102129,True,-45.0265007019043,-79.5869903564453,593.236145019531,True,12.8275775909424,-79.9307479858398,588.160034179688,True,195.047058105469,129.335708618164,24.1945247650146,True,0.853346228599548,0.581929743289948,True,192.918579101563,115.35831451416,19.1072235107422,True,0.849490165710449,0.629834413528442,True,2.5137939453125,True,2.24909973144531
161,185.511879566667,False,0,0,0,True,12.8324909210205,-79.9284210205078,588.16552734375,False,0,0,0,False,0,0,True,194.354583740234,118.204010009766,20.1428966522217,True,0.852091729640961,0.620081424713135,False,0,True,2.22616577148438
162,185.513546233333,True,-45.0269889831543,-79.5850067138672,593.214416503906,True,12.8321523666382,-79.9297180175781,588.176818847656,True,192.984130859375,126.053230285645,22.9998455047607,True,0.849608957767487,0.593179702758789,True,193.652770996094,115.304641723633,19.0876235961914,True,0.850820302963257,0.630018413066864,True,2.51547241210938,True,2.24964904785156
163,185.5152129,True,-45.0292778015137,-79.5870361328125,593.248596191406,True,12.8328323364258,-79.9241409301758,588.170837402344,True,194.967132568359,127.196235656738,23.4158210754395,True,0.853201270103455,0.589262306690216,True,193.380798339844,118.324935913086,20.1869583129883,True,0.850327610969543,0.619666934013367,True,2.52200317382813,True,2.22314453125
164,185.516879566667,True,-45.0289268493652,-79.5834426879883,593.229187011719,True,12.8323612213135,-79.9309310913086,588.177368164063,True,194.766891479492,127.35302734375,23.4729175567627,True,0.852838635444641,0.588724911212921,True,193.055511474609,116.387336730957,19.4816913604736,True,0.849738240242004,0.626307725906372,True,2.52012634277344,True,2.23612976074219
165,185.518546233333,True,-45.0294189453125,-79.586784362793,593.248779296875,True,12.8348407745361,-79.9285278320313,588.19140625,True,192.990982055664,126.40251159668,23.1269397735596,True,0.8496213555336,0.591982662677765,True,192.835739135742,118.234245300293,20.1539497375488,True,0.849340081214905,0.619977712631226,True,2.52845764160156,True,2.244140625
166,185.5202129,True,-45.0286331176758,-79.584114074707,593.231872558594,False,0,0,0,True,196.208892822266,128.538330078125,23.9043292999268,True,0.855450928211212,0.58466249704361,False,0,0,0,False,0,0,True,2.52153015136719,False,0
167,185.521879566667,True,-45.0284004211426,-79.5852203369141,593.247619628906,True,12.8365268707275,-79.9254150390625,588.169860839844,True,193.639953613281,127.848480224609,23.653247833252,True,0.850797057151794,0.587026834487915,True,192.827133178711,117.111442565918,19.7452850341797,True,0.849324524402618,0.623825907707214,True,2.50801086425781,True,2.23545837402344
168,185.523546233333,True,-45.0263137817383,-79.5786361694336,593.212890625,True,12.8381462097168,-79.9276351928711,588.183471679688,True,191.31689453125,126.068962097168,23.0055255889893,True,0.846588611602783,0.593125820159912,True,194.018249511719,117.209663391113,19.78102684021,True,0.851482391357422,0.623489320278168,True,2.54121398925781,True,2.24153137207031
169,185.5252129,True,-45.0253219604492,-79.5806503295898,593.212829589844,True,12.838755607605,-79.9259719848633,588.172119140625,True,193.79377746582,127.631332397461,23.5742416381836,True,0.851075649261475,0.587771058082581,True,194.103179931641,117.289337158203,19.8100242614746,True,0.851636230945587,0.623216271400452,True,2.51673889160156,True,2.24311828613281
170,185.526879566667,True,-45.0285148620605,-79.5818481445313,593.227294921875,True,12.8405952453613,-79.9210510253906,588.146240234375,True,192.490875244141,126.780754089355,23.2646331787109,True,0.848715364933014,0.590686321258545,True,193.409484863281,116.864921569824,19.6555328369141,True,0.850379526615143,0.62467086315155,True,2.50814819335938,True,2.2620849609375
171,185.528546233333,True,-45.0259284973145,-79.5773315429688,593.198974609375,True,12.8416423797607,-79.9220123291016,588.154602050781,True,196.479293823242,128.209594726563,23.7846851348877,True,0.855940699577332,0.585789144039154,True,192.414428710938,116.89282989502,19.6657009124756,True,0.848576903343201,0.624575197696686,True,2.5152587890625,True,2.23837280273438
172,185.5302129,True,-45.0253982543945,-79.5777130126953,593.213623046875,True,12.842794418335,-79.9211273193359,588.156433105469,True,192.632797241211,128.515747070313,23.8960914611816,True,0.84897243976593,0.584739923477173,True,193.304702758789,117.447547912598,19.8675994873047,True,0.850189685821533,0.622673988342285,True,2.50967407226563,True,2.24751281738281
173,185.531879566667,True,-45.0259017944336,-79.5758209228516,593.212707519531,True,12.8427200317383,-79.9184722900391,588.149169921875,True,195.214614868164,129.662811279297,24.3135585784912,True,0.853649735450745,0.580808639526367,True,193.701766967773,115.906814575195,19.3068161010742,True,0.850908994674683,0.627954602241516,True,2.51177978515625,True,2.24749755859375
174,185.533546233333,True,-45.0277442932129,-79.5752410888672,593.213623046875,True,12.8466815948486,-79.9173812866211,588.134399414063,True,194.990539550781,127.709159851074,23.6025390625,True,0.853243708610535,0.587504267692566,True,192.515243530273,118.927238464355,20.4061241149902,True,0.848759531974792,0.617602705955505,True,2.53117370605469,True,2.2403564453125
175,185.5352129,True,-45.0280799865723,-79.576301574707,593.224853515625,True,12.8456745147705,-79.9203338623047,588.1474609375,True,195.674133300781,128.953430175781,24.05539894104,True,0.854482173919678,0.583239853382111,True,193.969223022461,116.121803283691,19.3850898742676,True,0.851393580436707,0.627217710018158,True,2.52754211425781,True,2.25315856933594
176,185.536879566667,False,0,0,0,True,12.8466501235962,-79.9193420410156,588.163146972656,False,0,0,0,False,0,0,True,193.081207275391,116.201080322266,19.4139289855957,True,0.849784851074219,0.626945972442627,False,0,True,2.25619506835938
177,185.538546233333,True,-45.0263366699219,-79.5763397216797,593.230407714844,True,12.8490924835205,-79.9142074584961,588.114013671875,True,193.678588867188,126.922897338867,23.3163452148438,True,0.850867033004761,0.590199112892151,True,193.222747802734,117.136901855469,19.7545280456543,True,0.850041270256042,0.623738706111908,True,2.51664733886719,True,2.2618408203125
178,185.5402129,True,-45.0258026123047,-79.5750885009766,593.207641601563,True,12.8492641448975,-79.9149475097656,588.135009765625,True,194.214660644531,126.823028564453,23.2800045013428,True,0.851838231086731,0.590541362762451,True,194.991088867188,116.74764251709,19.6128330230713,True,0.853244781494141,0.625072836875916,True,2.518798828125,True,2.25532531738281
179,185.541879566667,True,-45.0264091491699,-79.569709777832,593.19189453125,True,12.849142074585,-79.9136734008789,588.129272460938,True,195.764465332031,126.388031005859,23.1216907501221,True,0.854645788669586,0.592032253742218,True,194.483520507813,116.903648376465,19.6696319580078,True,0.852325201034546,0.624538123607635,True,2.52406311035156,True,2.24497985839844
180,185.543546233333,True,-45.0259780883789,-79.5714645385742,593.210754394531,True,12.8511714935303,-79.9095458984375,588.11328125,True,194.831695556641,127.405952453613,23.4921913146973,True,0.852955996990204,0.58854353427887,True,194.236404418945,119.275161743164,20.5327892303467,True,0.851877510547638,0.616410255432129,True,2.53218078613281,True,2.25761413574219
181,185.5452129,True,-45.0260848999023,-79.5713806152344,593.223510742188,False,0,0,0,True,193.125106811523,126.53857421875,23.1764392852783,True,0.849864304065704,0.591516375541687,False,0,0,0,False,0,0,True,2.53297424316406,False,0
182,185.546879566667,True,-45.0241088867188,-79.5675964355469,593.191772460938,True,12.8538942337036,-79.9099655151367,588.1298828125,True,192.730285644531,127.739898681641,23.6137142181396,True,0.849149107933044,0.587399065494537,True,193.309967041016,116.980323791504,19.6975517272949,True,0.850199222564697,0.624275267124176,True,2.5335693359375,True,2.25868225097656
183,185.548546233333,False,0,0,0,True,12.8541030883789,-79.9069976806641,588.107299804688,False,0,0,0,False,0,0,True,194.512023925781,119.978927612305,20.7889671325684,True,0.852376878261566,0.613998174667358,False,0,True,2.23562622070313
184,185.5502129,True,-45.023307800293,-79.5658187866211,593.189453125,True,12.8527917861938,-79.9064331054688,588.104125976563,True,192.895233154297,126.415664672852,23.131721496582,True,0.849447965621948,0.591937482357025,True,194.091812133789,118.028709411621,20.0791473388672,True,0.851615607738495,0.620682120323181,True,2.52516174316406,True,2.24612426757813
185,185.551879566667,True,-45.0210609436035,-79.5653533935547,593.164367675781,True,12.8543815612793,-79.9042205810547,588.107666015625,True,198.256530761719,127.242691040039,23.4327335357666,True,0.859160363674164,0.589103102684021,True,190.672622680664,113.31827545166,18.3647003173828,True,0.845421433448792,0.636826276779175,True,2.49234008789063,True,2.26631164550781
186,185.553546233333,True,-45.0226135253906,-79.5630722045898,593.193359375,True,12.8541660308838,-79.9043884277344,588.115356445313,True,194.037536621094,129.489486694336,24.2504558563232,True,0.85151731967926,0.581402719020844,True,192.697479248047,116.353286743164,19.4693450927734,True,0.849089741706848,0.626424372196198,True,2.53614807128906,True,2.26319885253906
187,185.5552129,False,0,0,0,True,12.8550643920898,-79.9059295654297,588.122802734375,False,0,0,0,False,0,0,True,192.952743530273,116.579719543457,19.5517349243164,True,0.849552035331726,0.625648319721222,False,0,True,2.25987243652344
188,185.556879566667,True,-45.0227317810059,-79.5565414428711,593.188110351563,True,12.8584728240967,-79.9034957885742,588.12158203125,True,194.252685546875,128.288940429688,23.8135719299316,True,0.851907014846802,0.585517168045044,True,192.733337402344,115.323883056641,19.0946235656738,True,0.849154591560364,0.629952430725098,True,2.5311279296875,True,2.25935363769531
189,185.558546233333,True,-45.023193359375,-79.5548095703125,593.171691894531,True,12.8586959838867,-79.9001007080078,588.104309082031,True,194.152694702148,127.625480651855,23.5720558166504,True,0.851725935935974,0.58779114484787,True,192.694519042969,118.078750610352,20.0973358154297,True,0.849084258079529,0.620510697364807,True,2.533935546875,True,2.25752258300781
190,185.5602129,True,-45.0256195068359,-79.55224609375,593.156616210938,True,12.8543863296509,-79.9007415771484,588.098205566406,True,195.001159667969,128.007171630859,23.7110214233398,True,0.853262960910797,0.586483001708984,True,194.09684753418,115.888778686523,19.3002090454102,True,0.85162478685379,0.628016412258148,True,2.53335571289063,True,2.27037048339844
191,185.561879566667,True,-45.0385971069336,-79.5523452758789,593.183044433594,True,12.8510932922363,-79.9008407592773,588.115478515625,True,195.32243347168,130.14485168457,24.4889869689941,True,0.853845000267029,0.579156577587128,True,192.093307495117,114.662178039551,18.85378074646,True,0.847995102405548,0.632220387458801,True,2.52857971191406,True,2.2783203125
192,185.563546233333,True,-45.0527534484863,-79.5468292236328,593.147216796875,True,12.8401355743408,-79.8980178833008,588.115478515625,True,193.670639038086,129.579833984375,24.283390045166,True,0.850852608680725,0.581093013286591,True,191.420883178711,115.799858093262,19.2678718566895,True,0.846777021884918,0.628321170806885,True,2.51914978027344,True,2.26969909667969
193,185.5652129,True,-45.0743751525879,-79.543098449707,593.146850585938,True,12.8138189315796,-79.8964080810547,588.118347167969,True,192.977600097656,128.180419921875,23.7740707397461,True,0.849597096443176,0.585889160633087,True,192.739151000977,119.160438537598,20.4910888671875,True,0.849165201187134,0.616803348064423,True,2.517822265625,True,2.25088500976563
194,185.566879566667,True,-45.0949783325195,-79.5351867675781,593.086608886719,True,12.7890186309814,-79.8947067260742,588.135375976563,True,185.879516601563,126.755325317383,23.2553749084473,True,0.836738228797913,0.590773403644562,True,187.557708740234,119.548454284668,20.6322784423828,True,0.839778423309326,0.615473508834839,True,2.54191589355469,True,2.2425537109375
195,185.568546233333,True,-45.1249694824219,-79.5351409912109,593.153137207031,True,12.7539768218994,-79.8849411010742,588.100158691406,True,181.014617919922,125.913970947266,22.9491119384766,True,0.827925026416779,0.59365701675415,True,181.611145019531,121.469184875488,21.3313484191895,True,0.829005718231201,0.6088907122612,True,2.55381774902344,True,2.25334167480469
196,185.5702129,True,-45.1694488525391,-79.5360412597656,593.239440917969,True,12.722074508667,-79.8864135742188,588.170959472656,True,173.740417480469,126.348510742188,23.1072826385498,True,0.814747154712677,0.592167735099792,True,175.232818603516,123.986213684082,22.2474842071533,True,0.817450761795044,0.600263953208923,True,2.54515075683594,True,2.25469970703125
197,185.571879566667,True,-45.2071990966797,-79.526123046875,593.213256835938,True,12.6742639541626,-79.8820419311523,588.190856933594,True,167.713989257813,127.902069091797,23.6726951599121,True,0.803829789161682,0.586843252182007,True,167.037872314453,122.716644287109,21.7854270935059,True,0.802604794502258,0.604615151882172,True,2.56057739257813,True,2.26762390136719
198,185.573546233333,True,-45.2428207397461,-79.51513671875,593.130981445313,True,12.6297950744629,-79.878059387207,588.176086425781,True,160.748519897461,128.559829711914,23.9121246337891,True,0.791211128234863,0.584588885307312,True,158.714447021484,127.975936889648,23.6996078491211,True,0.78752613067627,0.586590051651001,True,2.55120849609375,True,2.26321411132813
199,185.5752129,True,-45.297607421875,-79.516471862793,593.23583984375,True,12.5797882080078,-79.8747863769531,588.218505859375,True,151.391983032227,127.586624145508,23.557933807373,True,0.774260878562927,0.587924242019653,True,148.359130859375,125.154808044434,22.6728324890137,True,0.768766582012177,0.596258878707886,True,2.56597900390625,True,2.29415893554688
200,185.576879566667,True,-45.3506011962891,-79.5085144042969,593.224792480469,True,12.522029876709,-79.8648071289063,588.200500488281,True,144.517272949219,129.770324707031,24.3527336120605,True,0.761806666851044,0.580440104007721,True,143.027648925781,125.593322753906,22.8324356079102,True,0.759108066558838,0.594755947589874,True,2.54177856445313,True,2.28968811035156
201,185.578546233333,True,-45.3981094360352,-79.5055541992188,593.281799316406,True,12.4754457473755,-79.8571090698242,588.232482910156,True,135.092010498047,132.244720458984,25.2533264160156,True,0.744731903076172,0.571959614753723,True,133.248046875,128.370147705078,23.8430690765381,True,0.74139142036438,0.585238933563232,True,2.53744506835938,True,2.28717041015625
202,185.5802129,True,-45.4516906738281,-79.5028228759766,593.336486816406,True,12.4125509262085,-79.8404083251953,588.202270507813,True,126.147476196289,129.775543212891,24.3546600341797,True,0.728528022766113,0.580422163009644,True,128.667572021484,133.074981689453,25.5555114746094,True,0.73309338092804,0.569114089012146,True,2.55769348144531,True,2.2679443359375
203,185.581879566667,True,-45.4969329833984,-79.4863510131836,593.260375976563,True,12.3624401092529,-79.8379058837891,588.270935058594,True,118.625007629395,137.198425292969,27.0563316345215,True,0.714900374412537,0.554981768131256,True,119.460456848145,129.772308349609,24.3534069061279,True,0.716413974761963,0.580433368682861,True,2.52717590332031,True,2.28460693359375
204,185.583546233333,True,-45.5570678710938,-79.4881896972656,593.4267578125,True,12.3029518127441,-79.8197250366211,588.210571289063,True,112.09309387207,134.425994873047,26.0472545623779,True,0.703067183494568,0.56448370218277,True,112.904228210449,130.546188354492,24.6350936889648,True,0.704536616802216,0.577781021595001,True,2.5477294921875,True,2.26913452148438
205,185.5852129,True,-45.5986557006836,-79.4794158935547,593.351196289063,True,12.2590732574463,-79.8106079101563,588.202209472656,True,105.034194946289,136.225036621094,26.7020244598389,True,0.690279304981232,0.558317899703979,True,101.889877319336,132.845611572266,25.4719982147217,True,0.684583127498627,0.569900214672089,True,2.52911376953125,True,2.26412963867188
206,185.586879566667,True,-45.6377029418945,-79.4745178222656,593.395202636719,True,12.2196102142334,-79.8106079101563,588.261535644531,True,97.2190475463867,136.058868408203,26.641544342041,True,0.676121473312378,0.558887422084808,True,95.8648071289063,130.877532958984,24.7557010650635,True,0.673668146133423,0.576645374298096,True,2.54649353027344,True,2.28207397460938
207,185.588546233333,True,-45.6808853149414,-79.4731674194336,593.433959960938,True,12.1757030487061,-79.7913208007813,588.164672851563,True,91.6888961791992,140.435729980469,28.2346210479736,True,0.66610312461853,0.543886482715607,True,89.6400756835938,129.823944091797,24.3722534179688,True,0.662391424179077,0.580256342887878,True,2.51065063476563,True,2.2994384765625
208,185.5902129,True,-45.7219009399414,-79.4604873657227,593.290893554688,True,12.1437702178955,-79.7936782836914,588.23828125,True,87.8174667358398,136.94743347168,26.9649810791016,True,0.659089624881744,0.555841982364655,True,84.5044250488281,129.655303955078,24.3108787536621,True,0.653087735176086,0.58083438873291,True,2.53994750976563,True,2.30010986328125
209,185.591879566667,True,-45.7624320983887,-79.4602508544922,593.431396484375,True,12.1158828735352,-79.7857894897461,588.247009277344,True,80.8910598754883,138.320953369141,27.4649066925049,True,0.646541833877563,0.551134467124939,True,76.6771087646484,134.056671142578,25.9128513336182,True,0.638907790184021,0.56574946641922,True,2.51614379882813,True,2.28268432617188
210,185.593546233333,True,-45.7977447509766,-79.4670257568359,593.499450683594,True,12.0765743255615,-79.7720184326172,588.199951171875,True,75.1317443847656,138.31201171875,27.4616355895996,True,0.636108160018921,0.551165223121643,True,73.2028198242188,132.085342407227,25.1953010559082,True,0.632613778114319,0.57250589132309,True,2.50605773925781,True,2.29304504394531
211,185.5952129,True,-45.8259468078613,-79.4533157348633,593.431457519531,True,12.0493640899658,-79.7641906738281,588.1611328125,True,69.2336196899414,139.617889404297,27.9369316101074,True,0.625423192977905,0.546689510345459,True,68.9616394042969,132.790924072266,25.4521255493164,True,0.624930500984192,0.570087552070618,True,2.48908996582031,True,2.29501342773438
212,185.596879566667,True,-45.8510055541992,-79.444450378418,593.348510742188,True,12.0325355529785,-79.7591094970703,588.197082519531,True,66.8061218261719,137.842987060547,27.290979385376,True,0.621025562286377,0.552772581577301,True,62.5684089660645,135.627304077148,26.4845008850098,True,0.613348603248596,0.56036651134491,True,2.52244567871094,True,2.29031372070313
213,185.598546233333,True,-45.874267578125,-79.4463958740234,593.398803710938,True,12.0127983093262,-79.7507247924805,588.17529296875,True,60.5161895751953,138.255249023438,27.4409866333008,True,0.609630823135376,0.5513596534729,True,59.236083984375,134.057708740234,25.9132347106934,True,0.607311725616455,0.565745949745178,True,2.51481628417969,True,2.29090881347656
214,185.6002129,True,-45.8963050842285,-79.4488296508789,593.464477539063,True,11.9968967437744,-79.7475662231445,588.185729980469,True,58.2704658508301,141.508819580078,28.6252250671387,True,0.605562448501587,0.540208697319031,True,59.151985168457,133.498901367188,25.7098350524902,True,0.607159435749054,0.567661166191101,True,2.49708557128906,True,2.29901123046875
215,185.601879566667,True,-45.9119338989258,-79.4519958496094,593.515319824219,True,11.9889793395996,-79.7443313598633,588.200439453125,True,56.3896903991699,141.454040527344,28.6052780151367,True,0.602155268192291,0.540396451950073,True,56.4982223510742,133.0830078125,25.5584564208984,True,0.602351903915405,0.56908655166626,True,2.515869140625,True,2.30282592773438
216,185.603546233333,True,-45.9148826599121,-79.4438018798828,593.448852539063,True,11.9796533584595,-79.7382202148438,588.16943359375,True,54.1819686889648,142.091094970703,28.8370895385742,True,0.598155736923218,0.538213133811951,True,56.4940032958984,134.914535522461,26.2250423431396,True,0.602344214916229,0.562809348106384,True,2.48658752441406,True,2.29072570800781
217,185.6052129,True,-45.9262237548828,-79.4412536621094,593.443603515625,True,11.975305557251,-79.7308654785156,588.165405273438,True,57.2929992675781,139.67936706543,27.9592990875244,True,0.6037917137146,0.546478748321533,True,56.3629837036133,136.685195922852,26.8695526123047,True,0.602106809616089,0.556740701198578,True,2.51058959960938,True,2.29852294921875
218,185.606879566667,True,-45.9284744262695,-79.4372863769531,593.423583984375,True,11.9807434082031,-79.7344665527344,588.157531738281,True,57.1349906921387,140.718948364258,28.3376731872559,True,0.603505492210388,0.542915880680084,True,58.6856536865234,136.694717407227,26.8730010986328,True,0.606314539909363,0.556708097457886,True,2.52459716796875,True,2.29682922363281
219,185.608546233333,True,-45.9304656982422,-79.4415588378906,593.442260742188,True,11.9840316772461,-79.7313995361328,588.1630859375,True,57.1646194458008,141.356323242188,28.5696926116943,True,0.603559136390686,0.540731430053711,True,57.0624847412109,135.513977050781,26.4432258605957,True,0.603374063968658,0.560754895210266,True,2.51689147949219,True,2.30210876464844
220,185.6102129,True,-45.9334411621094,-79.4391174316406,593.428955078125,True,11.980936050415,-79.7225112915039,588.115600585938,True,57.3692283630371,142.802001953125,29.0958976745605,True,0.603929758071899,0.535776555538177,True,58.5685501098633,133.079650878906,25.5571899414063,True,0.606102466583252,0.569098114967346,True,2.49954223632813,True,2.30258178710938
221,185.611879566667,True,-45.9375343322754,-79.4328002929688,593.3876953125,True,11.984395980835,-79.7288970947266,588.17236328125,True,59.1730880737305,140.332214355469,28.1969413757324,True,0.607197642326355,0.544241309165955,True,58.3570785522461,134.268417358398,25.9898910522461,True,0.605719387531281,0.56502377986908,True,2.50204467773438,True,2.31402587890625
222,185.613546233333,True,-45.9392166137695,-79.4270935058594,593.37744140625,True,11.9888935089111,-79.7265472412109,588.177429199219,True,57.1536102294922,140.342071533203,28.2005271911621,True,0.603539168834686,0.544207513332367,True,57.5994338989258,137.860916137695,27.2974872589111,True,0.604346811771393,0.552711129188538,True,2.51242065429688,True,2.29576110839844
223,185.6152129,True,-45.9398193359375,-79.4286804199219,593.377319335938,True,11.99045753479,-79.7257461547852,588.16259765625,True,57.6066017150879,141.382659912109,28.5792961120605,True,0.604359745979309,0.540641069412231,True,58.660717010498,136.329635620117,26.7400989532471,True,0.606269478797913,0.557959318161011,True,2.5107421875,True,2.30026245117188
224,185.616879566667,True,-45.9401626586914,-79.4315414428711,593.381225585938,True,11.9925346374512,-79.7236938476563,588.163757324219,True,56.4771957397461,140.481506347656,28.2513160705566,True,0.602313816547394,0.543729662895203,True,56.5498504638672,137.751174926758,27.2575302124023,True,0.602445363998413,0.553087294101715,True,2.50038146972656,True,2.2940673828125
225,185.618546233333,True,-45.9432678222656,-79.4243698120117,593.347106933594,True,11.9930639266968,-79.7238616943359,588.148315429688,True,55.8262748718262,137.864074707031,27.2986183166504,True,0.601134538650513,0.552700400352478,True,58.0214233398438,134.470581054688,26.0634346008301,True,0.605111300945282,0.56433093547821,True,2.51869201660156,True,2.31439208984375
226,185.6202129,True,-45.9414024353027,-79.4224014282227,593.319213867188,True,11.9941864013672,-79.7210998535156,588.147033691406,True,55.7673988342285,139.383834838867,27.8517684936523,True,0.601027965545654,0.547491669654846,True,53.8625869750977,137.883926391602,27.3058280944824,True,0.597577095031738,0.552632331848145,True,2.52305603027344,True,2.29899597167969
227,185.621879566667,True,-45.945743560791,-79.4160842895508,593.304748535156,True,11.9969310760498,-79.7223281860352,588.134094238281,True,55.8010215759277,138.608367919922,27.5695152282715,True,0.60108882188797,0.550149381160736,True,55.5179672241211,135.535400390625,26.4510154724121,True,0.600576043128967,0.560681462287903,True,2.5240478515625,True,2.30049133300781
228,185.623546233333,True,-45.9488220214844,-79.417724609375,593.305908203125,True,11.996244430542,-79.7187957763672,588.110473632813,True,56.7634010314941,139.395904541016,27.8561248779297,True,0.60283225774765,0.547450423240662,True,55.0159950256348,137.676483154297,27.2303237915039,True,0.599666655063629,0.553343296051025,True,2.53059387207031,True,2.29527282714844
229,185.6252129,True,-45.9503059387207,-79.4142150878906,593.299377441406,True,11.9936332702637,-79.7167358398438,588.124633789063,True,56.8447036743164,139.969863891602,28.0650367736816,True,0.60297954082489,0.545483231544495,True,55.4158706665039,136.106475830078,26.6588878631592,True,0.600391089916229,0.558724284172058,True,2.525390625,True,2.30613708496094
230,185.626879566667,True,-45.9553298950195,-79.4122161865234,593.295043945313,True,11.9986839294434,-79.7184906005859,588.13134765625,True,56.439338684082,138.948669433594,27.6933860778809,True,0.602245211601257,0.548983156681061,True,55.4351348876953,135.274017333984,26.3559188842773,True,0.600425958633423,0.561577320098877,True,2.51762390136719,True,2.31640625
231,185.628546233333,True,-45.9565353393555,-79.4102020263672,593.265869140625,True,11.9932518005371,-79.7108840942383,588.105285644531,True,56.9378929138184,139.711303710938,27.9709701538086,True,0.603148341178894,0.54636937379837,True,56.5897102355957,134.245040893555,25.9813995361328,True,0.602517604827881,0.565103888511658,True,2.51792907714844,True,2.31817626953125
232,185.6302129,True,-45.9578399658203,-79.4086456298828,593.249389648438,True,11.9923725128174,-79.7106781005859,588.108276367188,True,56.2458648681641,139.605590820313,27.9324512481689,True,0.601894736289978,0.54673171043396,True,55.4138107299805,137.726959228516,27.2486801147461,True,0.600387394428253,0.553170323371887,True,2.51675415039063,True,2.30442810058594
233,185.631879566667,True,-45.9645042419434,-79.398307800293,593.219543457031,True,11.9915990829468,-79.7081909179688,588.089294433594,True,57.0078277587891,137.659515380859,27.2241802215576,True,0.603275060653687,0.553401470184326,True,56.40625,134.960479736328,26.2418022155762,True,0.602185249328613,0.562651872634888,True,2.53099060058594,True,2.32542419433594
234,185.633546233333,True,-45.9658088684082,-79.3995513916016,593.229248046875,True,11.9913845062256,-79.7048645019531,588.082641601563,True,55.6660690307617,141.68278503418,28.6884994506836,True,0.600844264030457,0.539612531661987,True,55.9323196411133,136.099578857422,26.6564083099365,True,0.601326704025269,0.558747828006744,True,2.51335144042969,True,2.31715393066406
235,185.6352129,True,-45.969352722168,-79.3976440429688,593.218444824219,True,11.9906101226807,-79.7032470703125,588.082580566406,True,57.0709609985352,139.746566772461,27.9838027954102,True,0.60338944196701,0.546248555183411,True,57.0289840698242,133.492462158203,25.7074661254883,True,0.603313386440277,0.567683219909668,True,2.52108764648438,True,2.34579467773438
236,185.636879566667,True,-45.9740982055664,-79.394660949707,593.220764160156,True,11.9901733398438,-79.69970703125,588.07763671875,True,56.8281097412109,142.14501953125,28.856746673584,True,0.602949500083923,0.538028240203857,True,54.8100433349609,133.904235839844,25.8573150634766,True,0.59929358959198,0.566272020339966,True,2.53387451171875,True,2.32817077636719
237,185.638546233333,True,-45.9728584289551,-79.3995056152344,593.213989257813,True,11.9885292053223,-79.6981658935547,588.067504882813,True,57.3828887939453,136.246932983398,26.7100219726563,True,0.603954493999481,0.558242797851563,True,56.8480644226074,134.172439575195,25.9549407958984,True,0.602985620498657,0.56535279750824,True,2.54299926757813,True,2.32878112792969
238,185.6402129,True,-45.9772186279297,-79.3940582275391,593.193786621094,True,11.9867343902588,-79.69384765625,588.063537597656,True,56.806266784668,138.095672607422,27.3828773498535,True,0.602909922599792,0.551906704902649,True,57.0877914428711,134.471343994141,26.0637741088867,True,0.603419899940491,0.564328193664551,True,2.54452514648438,True,2.32586669921875
239,185.641879566667,True,-45.9795112609863,-79.3939514160156,593.193786621094,True,11.9837608337402,-79.6883392333984,588.02685546875,True,57.654052734375,139.061553955078,27.7344703674316,True,0.604445695877075,0.548596203327179,True,54.8412590026855,135.589126586914,26.4705924987793,True,0.599350154399872,0.560497283935547,True,2.52792358398438,True,2.31843566894531
240,185.643546233333,True,-45.984447479248,-79.3964080810547,593.207885742188,True,11.9861736297607,-79.6887359619141,588.039978027344,True,57.7722702026367,139.787841796875,27.9987716674805,True,0.604659914970398,0.546107053756714,True,55.5215072631836,135.9775390625,26.6119575500488,True,0.600582420825958,0.559166133403778,True,2.53720092773438,True,2.32998657226563
241,185.6452129,True,-45.9878616333008,-79.3984375,593.2275390625,True,11.9821891784668,-79.6848754882813,588.019348144531,True,56.9300842285156,139.534561157227,27.9066009521484,True,0.603134214878082,0.546975135803223,True,57.4786796569824,134.334014892578,26.0137138366699,True,0.604128062725067,0.564799010753632,True,2.5299072265625,True,2.33514404296875
242,185.646879566667,True,-45.9895172119141,-79.3955535888672,593.227661132813,True,11.9849319458008,-79.6794815063477,588.01513671875,True,55.7454528808594,143.553588867188,29.3694458007813,True,0.600988149642944,0.533200681209564,True,56.3931579589844,135.6708984375,26.5003967285156,True,0.602161526679993,0.560216963291168,True,2.51310729980469,True,2.32402038574219
243,185.648546233333,True,-45.993537902832,-79.3955383300781,593.231323242188,True,11.9851789474487,-79.6791458129883,588.021240234375,True,56.1589584350586,138.833877563477,27.6515731811523,True,0.601737260818481,0.549376606941223,True,57.0151672363281,135.288558959961,26.3611717224121,True,0.603288412094116,0.561527490615845,True,2.53437805175781,True,2.32791137695313
244,185.6502129,True,-45.9918212890625,-79.3967437744141,593.209533691406,True,11.9858226776123,-79.6783294677734,588.032409667969,True,57.0158004760742,138.193359375,27.4184341430664,True,0.603289484977722,0.551571846008301,True,55.2900848388672,133.519744873047,25.7174129486084,True,0.600163221359253,0.567589700222015,True,2.53329467773438,True,2.34510803222656
245,185.651879566667,True,-45.9985237121582,-79.3945770263672,593.228820800781,True,11.9867496490479,-79.6787109375,588.0400390625,True,57.4991912841797,139.520599365234,27.901538848877,True,0.604165196418762,0.547023057937622,True,54.4110336303711,134.545516967773,26.0907230377197,True,0.598570704460144,0.564074099063873,True,2.54222106933594,True,2.33876037597656
246,185.653546233333,True,-46.0062103271484,-79.3900451660156,593.234619140625,True,11.9820861816406,-79.6710052490234,587.987060546875,True,57.9791412353516,140.595764160156,28.2928733825684,True,0.605034708976746,0.543338060379028,True,56.1610412597656,133.421722412109,25.6817245483398,True,0.601741075515747,0.567925691604614,True,2.53897094726563,True,2.32807922363281
247,185.6552129,True,-46.0098190307617,-79.393310546875,593.259521484375,True,11.9820241928101,-79.6710815429688,588.001708984375,True,56.4019088745117,138.950271606445,27.6939849853516,True,0.602177381515503,0.548977613449097,True,56.3121185302734,132.493988037109,25.3440456390381,True,0.602014720439911,0.571105301380157,True,2.53384399414063,True,2.33586120605469
248,185.656879566667,True,-46.0142478942871,-79.3936767578125,593.273559570313,True,11.9813919067383,-79.6694641113281,587.967407226563,True,55.7074584960938,140.118789672852,28.1192741394043,True,0.600919306278229,0.544972777366638,True,56.6812438964844,132.814559936523,25.4607639312744,True,0.602683424949646,0.570006489753723,True,2.52139282226563,True,2.33940124511719
249,185.658546233333,True,-46.0180969238281,-79.391845703125,593.264404296875,True,11.9813289642334,-79.6706619262695,588.000122070313,True,56.9635734558105,138.952392578125,27.6947212219238,True,0.603194892406464,0.548970341682434,True,58.4515380859375,132.766510009766,25.4432277679443,True,0.605890512466431,0.570171356201172,True,2.552001953125,True,2.34725952148438
250,185.6602129,True,-46.0198974609375,-79.3871078491211,593.255859375,True,11.9800243377686,-79.6679229736328,587.985595703125,True,56.4757232666016,139.878814697266,28.031925201416,True,0.602311074733734,0.545795261859894,True,57.055850982666,133.946853637695,25.8728790283203,True,0.603362083435059,0.566125869750977,True,2.53523254394531,True,2.34852600097656
251,185.661879566667,True,-46.0243301391602,-79.3942260742188,593.289306640625,True,11.9779605865479,-79.6652069091797,587.992797851563,True,55.193717956543,139.975067138672,28.0669479370117,True,0.599988579750061,0.545465350151062,True,56.3026924133301,134.861907958984,26.2058868408203,True,0.60199761390686,0.562989711761475,True,2.52571105957031,True,2.34542846679688
252,185.663546233333,True,-46.0299301147461,-79.3941802978516,593.283569335938,True,11.9812183380127,-79.6636962890625,587.962341308594,True,58.0591506958008,136.781768798828,26.9046936035156,True,0.605179667472839,0.55640971660614,True,55.8529357910156,132.775939941406,25.4466781616211,True,0.601182878017426,0.570138931274414,True,2.56718444824219,True,2.35807800292969
253,185.6652129,True,-46.035514831543,-79.3887939453125,593.275634765625,True,11.9779605865479,-79.6611633300781,587.966430664063,True,57.9836273193359,136.852996826172,26.930591583252,True,0.605042815208435,0.55616569519043,True,56.4275436401367,134.317291259766,26.0076675415039,True,0.602223873138428,0.564856290817261,True,2.54837036132813,True,2.34844970703125
254,185.666879566667,True,-46.0350875854492,-79.3909301757813,593.27197265625,True,11.9768543243408,-79.6611175537109,587.964599609375,True,55.3686676025391,139.9951171875,28.074239730835,True,0.600305676460266,0.545396685600281,True,57.225341796875,133.085708618164,25.5594024658203,True,0.603669166564941,0.56907731294632,True,2.53506469726563,True,2.36312866210938
255,185.668546233333,True,-46.0399360656738,-79.3842468261719,593.247314453125,True,11.9736251831055,-79.6564636230469,587.952270507813,True,57.6898422241211,138.956024169922,27.6960487365723,True,0.604510605335236,0.548957943916321,True,55.4370079040527,136.791046142578,26.9080448150635,True,0.60042941570282,0.55637800693512,True,2.55860900878906,True,2.32942199707031
256,185.6702129,True,-46.0449829101563,-79.3862533569336,593.269165039063,True,11.979040145874,-79.6576461791992,587.969360351563,True,57.3220138549805,141.828353881836,28.7414646148682,True,0.603844165802002,0.539113640785217,True,54.4786911010742,134.447326660156,26.0549964904785,True,0.598693251609802,0.56441068649292,True,2.53443908691406,True,2.33963012695313
257,185.671879566667,True,-46.0448913574219,-79.3911361694336,593.288208007813,True,11.9743413925171,-79.6556854248047,587.947631835938,True,57.1284446716309,140.847259521484,28.3843765258789,True,0.603493511676788,0.542476058006287,True,56.7362442016602,135.135787963867,26.305549621582,True,0.60278308391571,0.562051177024841,True,2.5509033203125,True,2.345703125
258,185.673546233333,True,-46.0478363037109,-79.3821105957031,593.235595703125,True,11.9766893386841,-79.6598052978516,587.957458496094,True,56.9731063842773,139.774749755859,27.9940605163574,True,0.603212118148804,0.546151876449585,True,55.9729156494141,135.84684753418,26.5644264221191,True,0.601400256156921,0.559613943099976,True,2.54177856445313,True,2.34843444824219
259,185.6752129,True,-46.0491943359375,-79.3848114013672,593.252563476563,True,11.980396270752,-79.6597900390625,587.945922851563,True,56.7994842529297,140.455627441406,28.2418479919434,True,0.602897644042969,0.543818354606628,True,56.3337631225586,131.988128662109,25.1599197387695,True,0.602053880691528,0.572839021682739,True,2.53633117675781,True,2.36273193359375
260,185.676879566667,True,-46.0532302856445,-79.383056640625,593.242614746094,True,11.9719352722168,-79.6535415649414,587.9365234375,True,58.4924545288086,138.117218017578,27.3907241821289,True,0.605964601039886,0.551832795143127,True,57.4061889648438,133.87712097168,25.8474540710449,True,0.603996753692627,0.566364884376526,True,2.56413269042969,True,2.36187744140625
261,185.678546233333,True,-46.0548439025879,-79.3833541870117,593.250610351563,True,11.9740867614746,-79.6513214111328,587.926147460938,True,57.048713684082,138.782836914063,27.632984161377,True,0.603349089622498,0.549551546573639,True,53.8298568725586,135.589050292969,26.470588684082,True,0.597517848014832,0.560497522354126,True,2.54421997070313,True,2.34278869628906
262,185.6802129,True,-46.0566177368164,-79.3795852661133,593.22998046875,True,11.971622467041,-79.6487731933594,587.910766601563,True,56.975528717041,136.535522460938,26.8150424957275,True,0.603216528892517,0.557253837585449,True,55.2963943481445,133.967559814453,25.8804149627686,True,0.60017466545105,0.566054940223694,True,2.55491638183594,True,2.35714721679688
263,185.681879566667,True,-46.0570831298828,-79.3891296386719,593.256103515625,True,11.9702444076538,-79.6496505737305,587.924072265625,True,57.1289138793945,138.079452514648,27.3770179748535,True,0.60349440574646,0.551962196826935,True,57.3860168457031,136.277282714844,26.7210655212402,True,0.60396021604538,0.558138787746429,True,2.54953002929688,True,2.33401489257813
264,185.683546233333,True,-46.0570602416992,-79.3821563720703,593.225219726563,True,11.9681949615479,-79.6469879150391,587.909057617188,True,56.5868301391602,137.243774414063,27.0728302001953,True,0.602512359619141,0.554826319217682,True,56.587776184082,133.981079101563,25.8853225708008,True,0.602514147758484,0.566008567810059,True,2.55474853515625,True,2.35392761230469
265,185.6852129,True,-46.0587921142578,-79.3822479248047,593.219848632813,True,11.9695472717285,-79.6474151611328,587.889038085938,True,56.5030479431152,139.079727172852,27.7411003112793,True,0.602360606193542,0.548533976078033,True,57.3677978515625,134.019805908203,25.8994331359863,True,0.603927135467529,0.565875768661499,True,2.55386352539063,True,2.36735534667969
266,185.686879566667,True,-46.0631332397461,-79.3819046020508,593.22119140625,True,11.9681873321533,-79.6439819335938,587.908325195313,True,56.218620300293,138.056045532227,27.368465423584,True,0.601845383644104,0.552042484283447,True,56.1109924316406,135.315093994141,26.3708305358887,True,0.601650357246399,0.561436533927917,True,2.55122375488281,True,2.35040283203125
267,185.688546233333,True,-46.0624885559082,-79.3812866210938,593.185180664063,True,11.9721765518188,-79.6491775512695,587.923583984375,True,57.613525390625,136.762481689453,26.8976497650146,True,0.604372382164001,0.556475877761841,True,54.2619781494141,134.975708007813,26.2473373413086,True,0.598300755023956,0.562599778175354,True,2.56053161621094,True,2.35528564453125
268,185.6902129,True,-46.0682754516602,-79.3740386962891,593.176940917969,True,11.9716949462891,-79.6482162475586,587.903930664063,True,58.6058540344238,135.233978271484,26.3413543701172,True,0.606169998645782,0.56171452999115,True,55.5631256103516,132.264144897461,25.260425567627,True,0.600657820701599,0.571893036365509,True,2.576904296875,True,2.3720703125
269,185.691879566667,True,-46.0666961669922,-79.3773956298828,593.180908203125,True,11.967170715332,-79.644775390625,587.890991210938,True,56.3628730773926,138.789077758789,27.6352691650391,True,0.602106690406799,0.549530148506165,True,57.4344100952148,134.374664306641,26.0285720825195,True,0.604047894477844,0.564659655094147,True,2.56103515625,True,2.360595703125
270,185.693546233333,True,-46.0697937011719,-79.3743286132813,593.155395507813,True,11.9650764465332,-79.6421508789063,587.870361328125,True,58.081184387207,138.588317871094,27.5622329711914,True,0.605219483375549,0.550218105316162,True,56.6274871826172,134.138366699219,25.9425582885742,True,0.602586030960083,0.56546950340271,True,2.55827331542969,True,2.36434936523438
271,185.6952129,True,-46.0688323974609,-79.3740768432617,593.141967773438,True,11.9688453674316,-79.6429595947266,587.88671875,True,56.4632720947266,139.367721557617,27.8458938598633,True,0.602288544178009,0.547546923160553,True,55.6224822998047,136.690002441406,26.8712615966797,True,0.600765347480774,0.556724309921265,True,2.5606689453125,True,2.35697937011719
272,185.696879566667,True,-46.0712089538574,-79.3717803955078,593.124877929688,True,11.9635219573975,-79.642463684082,587.859130859375,True,57.1816101074219,138.988693237305,27.7079677581787,True,0.60358989238739,0.548845887184143,True,58.5459518432617,134.533126831055,26.0862312316895,True,0.606061518192291,0.564116477966309,True,2.5614013671875,True,2.37396240234375
273,185.698546233333,True,-46.0718307495117,-79.3712158203125,593.112121582031,True,11.9656734466553,-79.6431427001953,587.885986328125,True,57.134449005127,136.215423583984,26.6985530853271,True,0.603504419326782,0.558350741863251,True,55.0291023254395,134.55827331543,26.0954055786133,True,0.599690437316895,0.564030289649963,True,2.57611083984375,True,2.36358642578125
274,185.7002129,True,-46.0730857849121,-79.3737716674805,593.094848632813,True,11.9678945541382,-79.6419677734375,587.874389648438,True,58.0830688476563,138.336334228516,27.4704666137695,True,0.605222940444946,0.551081836223602,True,54.5296401977539,135.081024169922,26.2856693267822,True,0.598785579204559,0.562238812446594,True,2.56552124023438,True,2.36184692382813
275,185.701879566667,True,-46.0759506225586,-79.3722381591797,593.105651855469,True,11.9614763259888,-79.6383209228516,587.85400390625,True,56.2314300537109,137.371994018555,27.1194725036621,True,0.601868569850922,0.554386973381042,True,56.5009613037109,135.609909057617,26.4782066345215,True,0.602356791496277,0.56042605638504,True,2.5594482421875,True,2.36250305175781
276,185.703546233333,True,-46.0766296386719,-79.3696517944336,593.067749023438,True,11.9646081924438,-79.6397933959961,587.860717773438,True,57.692268371582,136.870880126953,26.9371032714844,True,0.604515016078949,0.556104362010956,True,53.9610061645508,136.98747253418,26.9795722961426,True,0.597755432128906,0.555704712867737,True,2.56997680664063,True,2.35165405273438
277,185.7052129,True,-46.0797805786133,-79.3706207275391,593.09619140625,True,11.9637603759766,-79.6399536132813,587.861450195313,True,57.3443145751953,138.29248046875,27.4545516967773,True,0.60388457775116,0.551232099533081,True,56.4987297058105,133.621490478516,25.7544250488281,True,0.602352797985077,0.567241072654724,True,2.55778503417969,True,2.37619018554688
278,185.706879566667,True,-46.0796432495117,-79.3725891113281,593.072021484375,True,11.9646816253662,-79.6419525146484,587.860717773438,True,58.0097122192383,140.190124511719,28.1452217102051,True,0.605090081691742,0.54472827911377,True,56.3696212768555,133.686676025391,25.7781562805176,True,0.602118849754333,0.567017674446106,True,2.55995178222656,True,2.37895202636719
279,185.708546233333,True,-46.0800971984863,-79.3717193603516,593.070739746094,True,11.9625444412231,-79.6380462646484,587.853759765625,True,57.1489562988281,139.177490234375,27.7766799926758,True,0.603530764579773,0.548198878765106,True,55.4383316040039,134.246826171875,25.9820137023926,True,0.600431799888611,0.565097808837891,True,2.55595397949219,True,2.35861206054688
280,185.7102129,True,-46.0818672180176,-79.3722915649414,593.073974609375,True,11.9598293304443,-79.6366424560547,587.837280273438,True,55.989013671875,138.015441894531,27.3536777496338,True,0.601429343223572,0.552181661128998,True,56.9289703369141,135.541381835938,26.4532375335693,True,0.603132247924805,0.5606609582901,True,2.57293701171875,True,2.36701965332031
281,185.711879566667,True,-46.0862045288086,-79.3695220947266,593.0732421875,True,11.9596910476685,-79.6364059448242,587.847106933594,True,57.1469192504883,139.326766967773,27.8309516906738,True,0.603527069091797,0.547687351703644,True,55.4794273376465,134.42854309082,26.0481853485107,True,0.600506186485291,0.564474940299988,True,2.57290649414063,True,2.36834716796875
282,185.713546233333,True,-46.0836563110352,-79.3728256225586,593.062866210938,True,11.9590606689453,-79.6375579833984,587.855712890625,True,56.6560287475586,139.289703369141,27.8174934387207,True,0.602637708187103,0.54781436920166,True,55.7256889343262,134.307144165039,26.0039749145508,True,0.600952386856079,0.564891040325165,True,2.56431579589844,True,2.37617492675781
283,185.7152129,True,-46.0862274169922,-79.3765563964844,593.064453125,True,11.9552326202393,-79.6342010498047,587.823120117188,True,55.8548622131348,138.981811523438,27.7054176330566,True,0.601186275482178,0.548869609832764,True,57.8687896728516,134.47737121582,26.0659332275391,True,0.604834794998169,0.564307689666748,True,2.5535888671875,True,2.3812255859375
284,185.716879566667,True,-46.0861434936523,-79.3753814697266,593.05078125,True,11.9636936187744,-79.6369323730469,587.863891601563,True,56.3797225952148,140.573883056641,28.2848968505859,True,0.602137207984924,0.543413043022156,True,56.1221771240234,132.360977172852,25.2956447601318,True,0.601670622825623,0.5715611577034,True,2.55369567871094,True,2.37944030761719
285,185.718546233333,True,-46.0910873413086,-79.3698425292969,593.041015625,True,11.95876121521,-79.6342468261719,587.821899414063,True,56.7606506347656,136.522399902344,26.8102798461914,True,0.602827310562134,0.557298719882965,True,54.996280670166,137.711059570313,27.2429504394531,True,0.599630951881409,0.553224802017212,True,2.57891845703125,True,2.36599731445313
286,185.7202129,True,-46.0934410095215,-79.3720855712891,593.040771484375,True,11.955267906189,-79.6333160400391,587.810424804688,True,58.549430847168,137.206832885742,27.0593814849854,True,0.606067895889282,0.55495297908783,True,55.5463600158691,135.89697265625,26.582592010498,True,0.600627481937408,0.559442222118378,True,2.58909606933594,True,2.3631591796875
287,185.721879566667,True,-46.0910987854004,-79.3705444335938,593.02490234375,True,11.9537830352783,-79.6347351074219,587.807983398438,True,56.7523727416992,136.430603027344,26.7768688201904,True,0.60281229019165,0.557613253593445,True,56.5969200134277,133.823211669922,25.8278617858887,True,0.602530658245087,0.56654965877533,True,2.57987976074219,True,2.38558959960938
288,185.723546233333,True,-46.0941848754883,-79.3706817626953,593.038330078125,True,11.9526329040527,-79.6302642822266,587.793212890625,True,55.7050476074219,141.596618652344,28.6571197509766,True,0.60091495513916,0.539907872676849,True,55.3594970703125,135.095977783203,26.2911186218262,True,0.600288987159729,0.562187552452087,True,2.55514526367188,True,2.37724304199219
289,185.7252129,True,-46.0948257446289,-79.3695068359375,593.023193359375,True,11.9532337188721,-79.6319580078125,587.82470703125,True,57.0371017456055,137.158676147461,27.0418395996094,True,0.603328108787537,0.555118083953857,True,56.5771331787109,138.62255859375,27.5746574401855,True,0.602494835853577,0.550100803375244,True,2.57125854492188,True,2.35910034179688
290,185.726879566667,True,-46.0992889404297,-79.3724975585938,593.029663085938,True,11.9517574310303,-79.632926940918,587.817993164063,True,58.2342376708984,139.664352416992,27.9538421630859,True,0.605496823787689,0.546530306339264,True,56.621940612793,135.367919921875,26.3900985717773,True,0.602576017379761,0.56125545501709,True,2.57693481445313,True,2.36236572265625
291,185.728546233333,True,-46.0983810424805,-79.3685531616211,593.034545898438,True,11.9501037597656,-79.6332397460938,587.804321289063,True,57.3109359741211,139.767990112305,27.9915657043457,True,0.603824198246002,0.546175181865692,True,57.1714630126953,132.868927001953,25.480541229248,True,0.603571534156799,0.569820284843445,True,2.55833435058594,True,2.37899780273438
292,185.7302129,True,-46.1010665893555,-79.3765258789063,593.05810546875,True,11.9488105773926,-79.6317443847656,587.810241699219,True,55.9507522583008,137.898071289063,27.3109951019287,True,0.601360082626343,0.552583813667297,True,56.3847732543945,133.720581054688,25.7904987335205,True,0.60214638710022,0.566901385784149,True,2.57179260253906,True,2.37330627441406
293,185.731879566667,True,-46.1020126342773,-79.3712768554688,593.029541015625,True,11.9484720230103,-79.6319580078125,587.824096679688,True,55.4591674804688,136.695220947266,26.873161315918,True,0.600469529628754,0.556706368923187,True,57.2491073608398,135.749069213867,26.5287971496582,True,0.603712201118469,0.559949159622192,True,2.58615112304688,True,2.37916564941406
294,185.733546233333,True,-46.104419708252,-79.3707733154297,593.039672851563,True,11.9490747451782,-79.6328735351563,587.809448242188,True,56.0827331542969,137.348083496094,27.1108016967773,True,0.601599216461182,0.554468810558319,True,57.6889228820801,132.257476806641,25.2579879760742,True,0.604508936405182,0.571915864944458,True,2.58827209472656,True,2.38613891601563
295,185.7352129,True,-46.1063194274902,-79.3723449707031,593.027709960938,True,11.9502868652344,-79.629638671875,587.824096679688,True,58.1944465637207,139.182739257813,27.7785530090332,True,0.605424702167511,0.548180937767029,True,55.3714752197266,135.854141235352,26.5670623779297,True,0.600310683250427,0.559589028358459,True,2.57225036621094,True,2.37586975097656
296,185.736879566667,True,-46.1073608398438,-79.3712921142578,593.029174804688,True,11.9477825164795,-79.6272506713867,587.818481445313,True,56.6233291625977,138.770004272461,27.6283702850342,True,0.602578520774841,0.549595475196838,True,55.1535148620605,137.773742675781,27.2657527923584,True,0.599915742874146,0.553009927272797,True,2.57695007324219,True,2.36491394042969
297,185.738546233333,True,-46.1101913452148,-79.3732223510742,593.041198730469,True,11.9496040344238,-79.6319427490234,587.849853515625,True,56.8342666625977,137.587677001953,27.1980018615723,True,0.602960586547852,0.553647756576538,True,55.1419372558594,136.909942626953,26.9513721466064,True,0.599894762039185,0.555970430374146,True,2.57264709472656,True,2.37393188476563
298,185.7402129,True,-46.1086082458496,-79.3722610473633,593.030883789063,True,11.9452667236328,-79.6277847290039,587.797607421875,True,56.1216049194336,139.382080078125,27.8511505126953,True,0.601669609546661,0.547497689723969,True,57.1272735595703,137.755523681641,27.2591094970703,True,0.603491425514221,0.553072452545166,True,2.57069396972656,True,2.38017272949219
299,185.741879566667,True,-46.112907409668,-79.3723220825195,593.043334960938,True,11.9421672821045,-79.6300735473633,587.805786132813,True,55.8628311157227,137.236923217773,27.0703544616699,True,0.601200819015503,0.554849803447723,True,56.4525527954102,135.009613037109,26.2596797943115,True,0.602269172668457,0.562483489513397,True,2.58491516113281,True,2.38462829589844
300,185.743546233333,True,-46.1187973022461,-79.3715362548828,593.048278808594,True,11.9433536529541,-79.6264953613281,587.815002441406,True,57.4947204589844,137.129364013672,27.0311908721924,True,0.604157090187073,0.555218458175659,True,56.7161102294922,134.561264038086,26.0964794158936,True,0.602746605873108,0.564020156860352,True,2.59162902832031,True,2.38117980957031
301,185.7452129,True,-46.119987487793,-79.3744583129883,593.0732421875,True,11.9466180801392,-79.6289520263672,587.813598632813,True,56.7101821899414,138.81184387207,27.6435508728027,True,0.602735817432404,0.549452126026154,True,54.688102722168,132.629699707031,25.3934631347656,True,0.599072694778442,0.570640206336975,True,2.57659912109375,True,2.38725280761719
302,185.746879566667,True,-46.1184997558594,-79.3749008178711,593.047973632813,True,11.9408798217773,-79.6282348632813,587.835083007813,True,56.500732421875,137.270965576172,27.0826740264893,True,0.602356433868408,0.554733276367188,True,56.9015121459961,136.442138671875,26.7810745239258,True,0.603082478046417,0.557573735713959,True,2.58067321777344,True,2.37387084960938
303,185.748546233333,True,-46.1236228942871,-79.3694763183594,593.056701660156,True,11.9430522918701,-79.629035949707,587.842102050781,True,55.8159713745117,141.182189941406,28.5063209533691,True,0.601115822792053,0.541328191757202,True,56.3981323242188,134.677398681641,26.1387710571289,True,0.602170526981354,0.563622057437897,True,2.55442810058594,True,2.3807373046875
304,185.7502129,True,-46.1226119995117,-79.3719482421875,593.063842773438,True,11.9405002593994,-79.6278076171875,587.833251953125,True,55.07470703125,140.883605957031,28.3975982666016,True,0.599773049354553,0.542351543903351,True,55.3715858459473,136.826385498047,26.9208889007568,True,0.600310921669006,0.556257009506226,True,2.55586242675781,True,2.35316467285156
305,185.751879566667,True,-46.1286163330078,-79.3751449584961,593.08251953125,True,11.9405956268311,-79.6265258789063,587.836303710938,True,57.0994300842285,137.763748168945,27.2620811462402,True,0.603440999984741,0.553044199943542,True,57.3024673461914,135.357284545898,26.3861770629883,True,0.60380882024765,0.561291933059692,True,2.57394409179688,True,2.37705993652344
306,185.753546233333,True,-46.1271133422852,-79.3733978271484,593.074829101563,True,11.9367198944092,-79.6251907348633,587.826477050781,True,55.3595809936523,138.148620605469,27.4021873474121,True,0.600289106369019,0.551725149154663,True,55.3622436523438,135.862640380859,26.5701637268066,True,0.60029399394989,0.559559941291809,True,2.58474731445313,True,2.37644958496094
307,185.7552129,True,-46.1321563720703,-79.3708724975586,593.060180664063,True,11.9397144317627,-79.6310272216797,587.823913574219,True,57.1254501342773,139.037750244141,27.7257843017578,True,0.603488206863403,0.548677861690521,True,55.8990516662598,131.404037475586,24.9473762512207,True,0.601266384124756,0.574840903282166,True,2.58114624023438,True,2.39031982421875
308,185.756879566667,True,-46.1327056884766,-79.3784332275391,593.083862304688,True,11.9312000274658,-79.6250457763672,587.798217773438,True,56.0355682373047,138.446411132813,27.5105628967285,True,0.601513743400574,0.550704598426819,True,55.7452011108398,135.899108886719,26.5834159851074,True,0.600987672805786,0.55943489074707,True,2.59400939941406,True,2.37733459472656
309,185.758546233333,True,-46.1371002197266,-79.3742218017578,593.078063964844,True,11.9412622451782,-79.624382019043,587.811157226563,True,55.5478363037109,138.350158691406,27.4754981994629,True,0.600630164146423,0.551034390926361,True,53.4878234863281,135.562530517578,26.4609298706055,True,0.596898257732391,0.560588479042053,True,2.58088684082031,True,2.36758422851563
310,185.7602129,True,-46.1357498168945,-79.3780364990234,593.070373535156,True,11.9377670288086,-79.6269989013672,587.831420898438,True,56.4706649780273,139.648223876953,27.9479789733887,True,0.602301955223083,0.546585619449615,True,57.7610931396484,134.122314453125,25.936731338501,True,0.604639649391174,0.565524518489838,True,2.5906982421875,True,2.37162780761719
311,185.761879566667,True,-46.1407241821289,-79.3768844604492,593.081787109375,True,11.9370946884155,-79.6226959228516,587.814575195313,True,56.9173965454102,138.750305175781,27.6211490631104,True,0.603111267089844,0.549663007259369,True,55.7628402709961,136.953094482422,26.9670333862305,True,0.601019620895386,0.555822491645813,True,2.57272338867188,True,2.37532043457031
312,185.763546233333,True,-46.1426086425781,-79.3826522827148,593.092407226563,True,11.9361972808838,-79.6267623901367,587.828308105469,True,56.4789733886719,136.040405273438,26.634859085083,True,0.602316975593567,0.558950543403625,True,56.0072326660156,135.912078857422,26.5881290435791,True,0.601462364196777,0.559390425682068,True,2.58851623535156,True,2.37106323242188
313,185.7652129,True,-46.1435241699219,-79.3790435791016,593.087036132813,True,11.9366779327393,-79.625244140625,587.831298828125,True,56.1825790405273,140.495819091797,28.2564659118652,True,0.60178005695343,0.543680667877197,True,56.1820182800293,135.945556640625,26.6003227233887,True,0.601778984069824,0.55927574634552,True,2.56439208984375,True,2.37277221679688
314,185.766879566667,True,-46.1463050842285,-79.3796615600586,593.078796386719,True,11.9353580474854,-79.6221694946289,587.811279296875,True,56.6162796020508,137.664016723633,27.2257995605469,True,0.602565765380859,0.553386092185974,True,55.038932800293,137.058166503906,27.0052795410156,True,0.599708199501038,0.55546247959137,True,2.59675598144531,True,2.37199401855469
315,185.768546233333,True,-46.1477890014648,-79.3838653564453,593.095581054688,True,11.9301376342773,-79.6261978149414,587.832885742188,True,56.4645156860352,138.411849975586,27.4979858398438,True,0.602290749549866,0.550823032855988,True,55.6972732543945,134.804183959961,26.1848888397217,True,0.600900888442993,0.563187539577484,True,2.58699035644531,True,2.37559509277344
316,185.7702129,True,-46.1524696350098,-79.3790435791016,593.085571289063,True,11.9329109191895,-79.6261215209961,587.827880859375,True,57.2945098876953,138.541778564453,27.545280456543,True,0.603794455528259,0.550377666950226,True,57.3109893798828,132.705017089844,25.4208641052246,True,0.603824257850647,0.570381999015808,True,2.57681274414063,True,2.38037109375
317,185.771879566667,True,-46.1518630981445,-79.3783569335938,593.081298828125,True,11.9317588806152,-79.6229858398438,587.820922851563,True,56.7015953063965,140.367431640625,28.2097721099854,True,0.602720260620117,0.54412055015564,True,55.4868698120117,135.116897583008,26.2987327575684,True,0.60051965713501,0.562115788459778,True,2.56442260742188,True,2.37809753417969
318,185.773546233333,True,-46.1543350219727,-79.3875579833984,593.112487792969,True,11.9282817840576,-79.6222991943359,587.818664550781,True,54.6918334960938,139.152084350586,27.7674350738525,True,0.599079430103302,0.548285961151123,True,54.477710723877,135.699432373047,26.5107498168945,True,0.598691463470459,0.560119271278381,True,2.57594299316406,True,2.3731689453125
319,185.7752129,True,-46.1586990356445,-79.3896484375,593.134399414063,True,11.9246072769165,-79.6183166503906,587.806945800781,True,56.0830535888672,139.983856201172,28.070125579834,True,0.60159969329834,0.545435190200806,True,54.5894622802734,135.6484375,26.4921817779541,True,0.598894000053406,0.560294091701508,True,2.57344055175781,True,2.37802124023438
320,185.776879566667,True,-46.1575736999512,-79.390380859375,593.104187011719,True,11.9244585037231,-79.6211776733398,587.815551757813,True,56.6502151489258,138.78694152832,27.634521484375,True,0.602627277374268,0.549537420272827,True,55.6051025390625,136.126373291016,26.666130065918,True,0.600733876228333,0.558655977249146,True,2.572265625,True,2.37841796875
321,185.778546233333,True,-46.1621475219727,-79.3918762207031,593.122131347656,True,11.9276514053345,-79.6259384155273,587.82763671875,True,56.1808662414551,138.611267089844,27.5705432891846,True,0.601776957511902,0.550139486789703,True,54.909107208252,136.404937744141,26.7675590515137,True,0.599473118782043,0.557701230049133,True,2.59440612792969,True,2.38113403320313
322,185.7802129,True,-46.1637420654297,-79.3879852294922,593.118835449219,True,11.9258670806885,-79.6225891113281,587.819946289063,True,56.0821380615234,140.192504882813,28.1460952758789,True,0.601598083972931,0.544720113277435,True,54.8287620544434,134.086669921875,25.9237289428711,True,0.599327504634857,0.565646708011627,True,2.58049011230469,True,2.37982177734375
323,185.781879566667,True,-46.1629180908203,-79.3929290771484,593.100708007813,True,11.925651550293,-79.6259841918945,587.825439453125,True,56.1369400024414,137.428359985352,27.1400279998779,True,0.601697385311127,0.554193675518036,True,55.6484527587891,134.176254272461,25.9563064575195,True,0.600812435150146,0.565339684486389,True,2.59538269042969,True,2.38006591796875
324,185.783546233333,True,-46.1678009033203,-79.3927230834961,593.103759765625,True,11.9260358810425,-79.6267852783203,587.829956054688,True,57.6924667358398,138.685806274414,27.5977249145508,True,0.604515373706818,0.549883961677551,True,54.9682464599609,135.652145385742,26.4935302734375,True,0.59958016872406,0.560281336307526,True,2.58683776855469,True,2.37762451171875
325,185.7852129,True,-46.1708068847656,-79.3947677612305,593.132385253906,True,11.9253759384155,-79.6284790039063,587.833312988281,True,56.7471389770508,139.944976806641,28.0559940338135,True,0.602802813053131,0.545568466186523,True,54.5855941772461,134.578872680664,26.1029052734375,True,0.598886966705322,0.563959717750549,True,2.57369995117188,True,2.37776184082031
326,185.786879566667,True,-46.1673965454102,-79.3975219726563,593.1201171875,True,11.9210815429688,-79.6272888183594,587.816162109375,True,55.6508560180664,138.425170898438,27.5028476715088,True,0.60081672668457,0.55077737569809,True,54.9557113647461,133.890899658203,25.8525047302246,True,0.599557399749756,0.566317617893219,True,2.57662963867188,True,2.37847900390625
327,185.788546233333,True,-46.1707916259766,-79.3974075317383,593.12353515625,True,11.9185886383057,-79.6274261474609,587.836303710938,True,55.8431167602539,140.478088378906,28.2500228881836,True,0.601165056228638,0.543741345405579,True,53.772876739502,137.320938110352,27.1009178161621,True,0.597414612770081,0.554561853408813,True,2.578369140625,True,2.37301635742188
328,185.7902129,True,-46.1737518310547,-79.3977966308594,593.12158203125,True,11.9193649291992,-79.6264953613281,587.814514160156,True,56.9913330078125,139.551940917969,27.9129467010498,True,0.603245198726654,0.546915531158447,True,55.4259948730469,134.4853515625,26.0688457489014,True,0.600409388542175,0.564280271530151,True,2.57667541503906,True,2.38827514648438
329,185.791879566667,True,-46.1750831604004,-79.3973846435547,593.120544433594,True,11.9161376953125,-79.6225280761719,587.798217773438,True,56.2047653198242,137.704315185547,27.2404651641846,True,0.601820230484009,0.553247928619385,True,55.5566329956055,137.334594726563,27.1058979034424,True,0.600646138191223,0.55451500415802,True,2.58695983886719,True,2.36869812011719
330,185.793546233333,True,-46.1742553710938,-79.3998260498047,593.107727050781,True,11.917667388916,-79.6289215087891,587.822387695313,True,57.1377944946289,139.763458251953,27.989933013916,True,0.603510499000549,0.546190619468689,True,55.3339347839355,132.472747802734,25.336296081543,True,0.600242614746094,0.571178138256073,True,2.59144592285156,True,2.37774658203125
331,185.7952129,True,-46.1778335571289,-79.3993377685547,593.120483398438,True,11.9156093597412,-79.6267242431641,587.819213867188,True,56.5332641601563,136.183441162109,26.6868934631348,True,0.602415323257446,0.558460414409637,True,54.9520683288574,135.404357910156,26.4033317565918,True,0.599550902843475,0.56113064289093,True,2.59776306152344,True,2.38020324707031
332,185.796879566667,True,-46.1781196594238,-79.4042053222656,593.132690429688,True,11.9152755737305,-79.6282272338867,587.826904296875,True,56.2059783935547,139.687057495117,27.9621391296387,True,0.601822435855865,0.546452522277832,True,55.0545196533203,135.420394897461,26.4091835021973,True,0.599736452102661,0.561075568199158,True,2.57759094238281,True,2.38079833984375
333,185.798546233333,True,-46.1787223815918,-79.4051742553711,593.129638671875,True,11.9125499725342,-79.6228713989258,587.796630859375,True,56.5281639099121,137.758666992188,27.2602310180664,True,0.602406084537506,0.553061664104462,True,54.4653549194336,135.776260375977,26.5386905670166,True,0.598669171333313,0.559855937957764,True,2.58927917480469,True,2.38153076171875
334,185.8002129,True,-46.1798477172852,-79.4069747924805,593.14208984375,True,11.9149742126465,-79.6293182373047,587.842712402344,True,55.8199081420898,139.391128540039,27.854419708252,True,0.601123094558716,0.547466695308685,True,56.2746162414551,136.132293701172,26.6682624816895,True,0.601946771144867,0.558635711669922,True,2.57359313964844,True,2.3812255859375
335,185.801879566667,True,-46.1850662231445,-79.4071273803711,593.162841796875,True,11.9114904403687,-79.6234436035156,587.81591796875,True,55.8640823364258,139.128616333008,27.7589111328125,True,0.601203083992004,0.54836630821228,True,55.004955291748,135.310913085938,26.3693256378174,True,0.599646687507629,0.561450839042664,True,2.58956909179688,True,2.37510681152344
336,185.803546233333,True,-46.1838035583496,-79.4076614379883,593.145629882813,True,11.9085321426392,-79.6268310546875,587.824340820313,True,56.2188949584961,139.049224853516,27.7299842834473,True,0.601845860481262,0.548638522624969,True,54.698600769043,136.920364379883,26.9551200866699,True,0.599091708660126,0.55593478679657,True,2.58990478515625,True,2.37774658203125
337,185.8052129,True,-46.1838760375977,-79.4051666259766,593.127075195313,True,11.9116954803467,-79.6259613037109,587.825805664063,True,56.2962341308594,137.856536865234,27.2958488464355,True,0.601985931396484,0.552726268768311,True,54.047046661377,135.489562988281,26.4343032836914,True,0.597911357879639,0.560838639736176,True,2.59187316894531,True,2.369384765625
338,185.806879566667,True,-46.185546875,-79.4033508300781,593.137756347656,True,11.9069747924805,-79.6264190673828,587.826049804688,True,55.7607688903809,137.96076965332,27.3337955474854,True,0.60101592540741,0.552368998527527,True,53.7404632568359,137.592300415039,27.1996841430664,True,0.597355961799622,0.553631842136383,True,2.57139587402344,True,2.36766052246094
339,185.808546233333,True,-46.1859436035156,-79.4024505615234,593.142272949219,True,11.906457901001,-79.6257553100586,587.824829101563,True,55.3094215393066,139.617309570313,27.9367866516113,True,0.600198268890381,0.546691417694092,True,54.6745758056641,135.406753540039,26.4042282104492,True,0.599048137664795,0.561122357845306,True,2.58433532714844,True,2.37278747558594
340,185.8102129,True,-46.1908340454102,-79.4044799804688,593.15673828125,True,11.9050350189209,-79.6252746582031,587.823608398438,True,57.4398727416992,138.009674072266,27.3515930175781,True,0.604057729244232,0.552201390266418,True,54.4250869750977,135.895477294922,26.5820693969727,True,0.598596215248108,0.559447348117828,True,2.59170532226563,True,2.38803100585938
341,185.811879566667,True,-46.1880035400391,-79.4053802490234,593.135131835938,True,11.9044256210327,-79.6270599365234,587.836608886719,True,56.6906661987305,140.961624145508,28.4260387420654,True,0.602700471878052,0.542084097862244,True,55.5801620483398,136.856948852539,26.9320392608643,True,0.600688695907593,0.556152105331421,True,2.58975219726563,True,2.36216735839844
342,185.813546233333,True,-46.1899871826172,-79.4007720947266,593.132019042969,True,11.9064130783081,-79.6275482177734,587.819946289063,True,55.8707046508789,140.177703857422,28.1407279968262,True,0.601215064525604,0.544770836830139,True,55.4288635253906,135.875915527344,26.5749588012695,True,0.600414633750916,0.559514403343201,True,2.57766723632813,True,2.38703918457031
343,185.8152129,True,-46.1885681152344,-79.4041595458984,593.12353515625,True,11.908579826355,-79.6281890869141,587.857177734375,True,56.8078994750977,140.472686767578,28.2481231689453,True,0.602912902832031,0.543759763240814,True,54.4395751953125,134.109161376953,25.9319171905518,True,0.598622441291809,0.565569639205933,True,2.58465576171875,True,2.3785400390625
344,185.816879566667,True,-46.1896591186523,-79.4034729003906,593.124755859375,True,11.9026355743408,-79.6253662109375,587.844482421875,True,57.1636428833008,137.149047851563,27.0383758544922,True,0.603557348251343,0.555150985717773,True,56.2523422241211,135.108978271484,26.2958679199219,True,0.601906418800354,0.562142968177795,True,2.59318542480469,True,2.38470458984375
345,185.818546233333,True,-46.1912231445313,-79.404541015625,593.145751953125,True,11.9046249389648,-79.6252899169922,587.847534179688,True,57.3902282714844,139.301330566406,27.8217468261719,True,0.603967785835266,0.547774434089661,True,54.597541809082,134.653381347656,26.1300373077393,True,0.598908662796021,0.563704371452332,True,2.5892333984375,True,2.38314819335938
346,185.8202129,True,-46.1904335021973,-79.4007415771484,593.127075195313,True,11.9017467498779,-79.6224212646484,587.814819335938,True,55.2415771484375,139.179840087891,27.7775096893311,True,0.600075364112854,0.548190772533417,True,53.5797843933105,137.509979248047,27.16969871521,True,0.597064852714539,0.553914070129395,True,2.58277893066406,True,2.36154174804688
347,185.821879566667,True,-46.1901168823242,-79.4018936157227,593.142944335938,True,11.9100704193115,-79.6296539306641,587.8486328125,True,54.8551826477051,139.957153320313,28.0604400634766,True,0.599375307559967,0.545526802539825,True,53.418083190918,135.682525634766,26.5045547485352,True,0.596771955490112,0.560177206993103,True,2.58413696289063,True,2.38114929199219
348,185.823546233333,True,-46.1905288696289,-79.4006195068359,593.148986816406,True,11.9062089920044,-79.6222229003906,587.818603515625,True,56.4008026123047,140.936416625977,28.416862487793,True,0.602175414562225,0.542170524597168,True,54.1840972900391,137.671569824219,27.2285308837891,True,0.598159611225128,0.553360223770142,True,2.58242797851563,True,2.36662292480469
349,185.8252129,True,-46.1927947998047,-79.3954925537109,593.118591308594,True,11.9058399200439,-79.6255035400391,587.857299804688,True,57.7452926635742,138.021911621094,27.356014251709,True,0.604611039161682,0.552159488201141,True,53.4916915893555,134.904052734375,26.2212562561035,True,0.596905291080475,0.562845230102539,True,2.59320068359375,True,2.38294982910156
350,185.826879566667,True,-46.1929702758789,-79.3939361572266,593.126342773438,True,11.9102220535278,-79.6285858154297,587.86328125,True,57.4813995361328,139.732421875,27.9786338806152,True,0.604133009910583,0.546297073364258,True,55.0171356201172,133.754791259766,25.8029327392578,True,0.599668741226196,0.566784143447876,True,2.57981872558594,True,2.375732421875
351,185.828546233333,True,-46.1898155212402,-79.4015502929688,593.1513671875,True,11.907018661499,-79.628173828125,587.86474609375,True,55.5859031677246,138.568481445313,27.5549736022949,True,0.600699067115784,0.550286173820496,True,55.1618499755859,133.921905517578,25.86376953125,True,0.599930882453918,0.566211402416229,True,2.58039855957031,True,2.37579345703125
352,185.8302129,True,-46.1913604736328,-79.3971710205078,593.138793945313,True,11.9073181152344,-79.6280212402344,587.858764648438,True,57.9138221740723,138.352462768555,27.4763793945313,True,0.604916334152222,0.551026582717896,True,54.4881973266602,137.112274169922,27.024974822998,True,0.598710477352142,0.555277049541473,True,2.59408569335938,True,2.37495422363281
353,185.831879566667,True,-46.1925964355469,-79.3960571289063,593.150939941406,True,11.9053401947021,-79.6273956298828,587.843139648438,True,55.6162567138672,139.787445068359,27.9986686706543,True,0.600754082202911,0.546108424663544,True,55.6119232177734,135.886627197266,26.57883644104,True,0.600746214389801,0.559477686882019,True,2.59138488769531,True,2.38388061523438
354,185.833546233333,True,-46.1914749145508,-79.3994445800781,593.166259765625,True,11.9085321426392,-79.6280822753906,587.856811523438,True,57.083854675293,138.832550048828,27.6511192321777,True,0.603412747383118,0.549381017684937,True,54.0178909301758,136.775848388672,26.9025497436523,True,0.597858488559723,0.556430041790009,True,2.5999755859375,True,2.37942504882813
355,185.8352129,True,-46.1894912719727,-79.3983840942383,593.176879882813,True,11.9123630523682,-79.6294250488281,587.870300292969,True,55.5745048522949,137.658172607422,27.2236633300781,True,0.600678443908691,0.553406059741974,True,55.1703796386719,135.1474609375,26.3098297119141,True,0.59994637966156,0.562011003494263,True,2.58979797363281,True,2.37126159667969
356,185.836879566667,True,-46.191219329834,-79.3902969360352,593.1591796875,True,11.9090251922607,-79.6234436035156,587.867553710938,True,56.5291900634766,139.423828125,27.8663330078125,True,0.602407932281494,0.547354638576508,True,54.1967926025391,134.675079345703,26.1379318237305,True,0.598182559013367,0.563630044460297,True,2.59123229980469,True,2.37245178222656
357,185.838546233333,True,-46.1946792602539,-79.3831329345703,593.158081054688,True,11.9062623977661,-79.621955871582,587.899291992188,True,56.9834976196289,138.312469482422,27.4618301391602,True,0.603230953216553,0.551163554191589,True,55.3995666503906,134.471786499023,26.0639190673828,True,0.600361585617065,0.564326763153076,True,2.59736633300781,True,2.38203430175781
358,185.8402129,True,-46.1963882446289,-79.3688583374023,593.135131835938,True,11.8991184234619,-79.6150970458984,587.868286132813,True,55.104118347168,138.542694091797,27.5456352233887,True,0.599826335906982,0.550374507904053,True,53.4015960693359,135.210876464844,26.332935333252,True,0.596742033958435,0.561793684959412,True,2.59117126464844,True,2.37226867675781
359,185.841879566667,True,-46.2030372619629,-79.3586273193359,593.139038085938,True,11.8887691497803,-79.6041870117188,587.85693359375,True,55.7682456970215,137.483657836914,27.1601428985596,True,0.601029396057129,0.554004192352295,True,53.190673828125,138.66130065918,27.5887565612793,True,0.596359968185425,0.549968004226685,True,2.60552978515625,True,2.36546325683594
360,185.843546233333,True,-46.2017402648926,-79.3441467285156,593.086730957031,True,11.8818874359131,-79.5952377319336,587.868530273438,True,53.0259246826172,140.2958984375,28.1837139129639,True,0.59606146812439,0.54436582326889,True,51.5482521057129,139.623748779297,27.9390716552734,True,0.593384504318237,0.546669483184814,True,2.5936279296875,True,2.3697509765625
361,185.8452129,True,-46.2095146179199,-79.3281707763672,593.114868164063,True,11.8647003173828,-79.5849761962891,587.903442382813,True,50.3205337524414,141.476684570313,28.6134986877441,True,0.591160416603088,0.540318846702576,True,49.1644477844238,142.785980224609,29.0900173187256,True,0.589066028594971,0.535831570625305,True,2.60029602050781,True,2.37013244628906
362,185.846879566667,True,-46.2142944335938,-79.3135528564453,593.13916015625,True,11.8508033752441,-79.5706405639648,587.935241699219,True,46.9344673156738,143.387664794922,29.3090038299561,True,0.585026264190674,0.533769369125366,True,46.7056045532227,145.445404052734,30.0579948425293,True,0.584611594676971,0.526716947555542,True,2.59806823730469,True,2.37115478515625
363,185.848546233333,True,-46.2211151123047,-79.296760559082,593.216186523438,True,11.8280305862427,-79.5465927124023,587.946533203125,True,43.5988998413086,146.872665405273,30.5774421691895,True,0.578983545303345,0.52182525396347,True,44.8107528686523,151.090042114258,32.1124572753906,True,0.581178903579712,0.507371008396149,True,2.60490417480469,True,2.37461853027344
364,185.8502129,True,-46.2253036499023,-79.2697296142578,593.202758789063,True,11.814733505249,-79.5314178466797,587.953491210938,True,43.1250152587891,149.766510009766,31.630729675293,True,0.578125,0.51190710067749,True,43.1566543579102,155.265869140625,33.632396697998,True,0.578182339668274,0.493059098720551,True,2.59457397460938,True,2.38017272949219
365,185.851879566667,True,-46.2305603027344,-79.2463989257813,593.197265625,True,11.7968826293945,-79.5159606933594,587.973083496094,True,41.3689117431641,150.116821289063,31.7582511901855,True,0.574943661689758,0.51070648431778,True,41.2991485595703,158.942443847656,34.9705123901367,True,0.574817299842834,0.480458408594131,True,2.61222839355469,True,2.37983703613281
366,185.853546233333,True,-46.2367897033691,-79.2211608886719,593.1767578125,True,11.7894630432129,-79.4995956420898,588.033325195313,True,40.503776550293,153.542877197266,33.005256652832,True,0.573376417160034,0.498964309692383,True,38.3879165649414,160.238265991211,35.4421501159668,True,0.569543361663818,0.476017236709595,True,2.60826110839844,True,2.37779235839844
367,185.8552129,True,-46.2447891235352,-79.2048492431641,593.276123046875,True,11.7815914154053,-79.4795455932617,588.006774902344,True,37.5538673400879,155.587432861328,33.7494049072266,True,0.568032383918762,0.491957128047943,True,38.8599624633789,163.914855957031,36.7803153991699,True,0.570398509502411,0.463416427373886,True,2.59364318847656,True,2.38764953613281
368,185.856879566667,True,-46.249885559082,-79.1828460693359,593.336059570313,True,11.7705430984497,-79.4633636474609,588.023193359375,True,38.5194664001465,160.818817138672,35.6534461975098,True,0.56978166103363,0.474027633666992,True,39.212646484375,166.357849121094,37.6694793701172,True,0.571037411689758,0.45504355430603,True,2.59609985351563,True,2.39140319824219
369,185.858546233333,True,-46.2454299926758,-79.1599197387695,593.308044433594,True,11.7519092559814,-79.4394989013672,588.047241210938,True,38.5797462463379,160.950073242188,35.7012634277344,True,0.569890856742859,0.473577618598938,True,37.5125007629395,170.451675415039,39.1595115661621,True,0.56795746088028,0.441012859344482,True,2.61044311523438,True,2.38792419433594
370,185.8602129,True,-46.2536125183105,-79.1355590820313,593.377014160156,True,11.7280006408691,-79.4106369018555,588.068481445313,True,37.2743835449219,164.161743164063,36.8701629638672,True,0.567526042461395,0.462570309638977,True,35.9568099975586,173.838043212891,40.39208984375,True,0.565139174461365,0.429406613111496,True,2.58564758300781,True,2.36705017089844
371,185.861879566667,True,-46.2601165771484,-79.1116485595703,593.409729003906,True,11.7098073959351,-79.3877334594727,588.053588867188,True,35.6282348632813,166.549346923828,37.7391738891602,True,0.564543962478638,0.454387307167053,True,38.0746955871582,173.835586547852,40.3911972045898,True,0.568975925445557,0.429415047168732,True,2.59074401855469,True,2.39558410644531
372,185.863546233333,True,-46.2620544433594,-79.0877990722656,593.381896972656,True,11.7052745819092,-79.3665161132813,587.987976074219,True,35.002384185791,170.029342651367,39.0057983398438,True,0.56341016292572,0.442460268735886,True,36.7255249023438,177.912811279297,41.8751983642578,True,0.566531777381897,0.415441155433655,True,2.59539794921875,True,2.39437866210938
373,185.8652129,True,-46.2609786987305,-79.0687255859375,593.395690917969,True,11.6995334625244,-79.3470153808594,587.9755859375,True,34.9145011901855,173.943237304688,40.4303359985352,True,0.563250958919525,0.429046213626862,True,32.4340896606445,183.085739135742,43.7579154968262,True,0.558757424354553,0.397712051868439,True,2.59786987304688,True,2.38154602050781
374,185.866879566667,True,-46.2561721801758,-79.0496215820313,593.396118164063,True,11.6918849945068,-79.3341827392578,587.999633789063,True,34.5298347473145,171.899230957031,39.6864318847656,True,0.562554001808167,0.436051547527313,True,34.0743255615234,183.961639404297,44.0767822265625,True,0.561728835105896,0.394710004329681,True,2.610107421875,True,2.38667297363281
375,185.868546233333,True,-46.2560615539551,-79.0373840332031,593.419799804688,True,11.688512802124,-79.3204040527344,588.020812988281,True,33.927074432373,175.971008300781,41.1684265136719,True,0.561462044715881,0.422096312046051,True,35.1879577636719,185.875885009766,44.7735137939453,True,0.563746333122253,0.388149261474609,True,2.60797119140625,True,2.39695739746094
376,185.8702129,True,-46.2545547485352,-79.0132141113281,593.3798828125,True,11.6881608963013,-79.3061370849609,588.039794921875,True,34.5595359802246,175.214599609375,40.8930969238281,True,0.562607884407043,0.424688726663589,True,33.1279335021973,187.636703491211,45.4143943786621,True,0.560014367103577,0.382114470005035,True,2.60520935058594,True,2.39129638671875
377,185.871879566667,True,-46.2553596496582,-79.0026550292969,593.425537109375,True,11.6839590072632,-79.2916870117188,588.060913085938,True,34.7037353515625,175.61442565918,41.0386085510254,True,0.562869071960449,0.423318445682526,True,31.7298774719238,187.566497802734,45.3887939453125,True,0.557481706142426,0.382355153560638,True,2.62152099609375,True,2.39115905761719
378,185.873546233333,True,-46.2539825439453,-78.9812850952148,593.395324707031,True,11.680064201355,-79.2816772460938,588.065795898438,True,34.2989120483398,175.714385986328,41.075023651123,True,0.562135696411133,0.422975897789001,True,33.1107940673828,187.038696289063,45.1966857910156,True,0.559983372688293,0.384164154529572,True,2.61203002929688,True,2.39584350585938
379,185.8752129,True,-46.2541885375977,-78.9724044799805,593.396850585938,True,11.6812496185303,-79.2745056152344,588.0859375,True,36.177318572998,177.816070556641,41.8399658203125,True,0.565538644790649,0.415772795677185,True,33.2625579833984,190.360107421875,46.4055671691895,True,0.560258269309998,0.372780621051788,True,2.61056518554688,True,2.38681030273438
380,185.876879566667,True,-46.2538452148438,-78.9629211425781,593.37939453125,True,11.6814079284668,-79.2689895629883,588.084655761719,True,35.9242286682129,178.290313720703,42.0125350952148,True,0.565080165863037,0.41414749622345,True,31.6838417053223,190.366500854492,46.4079208374023,True,0.55739825963974,0.372758626937866,True,2.60914611816406,True,2.39952087402344
381,185.878546233333,True,-46.250617980957,-78.9544982910156,593.349365234375,True,11.6846771240234,-79.2659454345703,588.085876464844,True,34.3725662231445,181.350784301758,43.1264572143555,True,0.562269151210785,0.403658270835876,True,30.8748664855957,191.486999511719,46.8157730102539,True,0.555932760238647,0.368918299674988,True,2.609375,True,2.38873291015625
382,185.8802129,True,-46.2528228759766,-78.9554138183594,593.371887207031,True,11.6824626922607,-79.2639770507813,588.100463867188,True,36.1771583557129,179.981506347656,42.6281051635742,True,0.565538287162781,0.408351123332977,True,31.7458724975586,190.262512207031,46.3700904846191,True,0.557510673999786,0.373115092515945,True,2.62724304199219,True,2.39651489257813
383,185.881879566667,True,-46.2545013427734,-78.9521865844727,593.392333984375,True,11.6910991668701,-79.2615966796875,588.084899902344,True,35.0574989318848,180.605194091797,42.8550872802734,True,0.563509941101074,0.406213581562042,True,31.4039497375488,189.469650268555,46.0815086364746,True,0.556891202926636,0.375832438468933,True,2.60867309570313,True,2.39303588867188
384,185.883546233333,True,-46.2548179626465,-78.9481964111328,593.368774414063,True,11.6946392059326,-79.2585372924805,588.083374023438,True,36.515495300293,179.415466308594,42.4220962524414,True,0.566151261329651,0.410291194915771,True,30.4710273742676,190.755126953125,46.5493698120117,True,0.555201172828674,0.371426731348038,True,2.62661743164063,True,2.38749694824219
385,185.8852129,True,-46.2562637329102,-78.9488220214844,593.373046875,True,11.7004327774048,-79.2598495483398,588.092712402344,True,34.8992576599121,179.646362304688,42.5061264038086,True,0.563223361968994,0.409499824047089,True,31.2441825866699,188.680953979492,45.7944526672363,True,0.556601822376251,0.378535568714142,True,2.62092590332031,True,2.3961181640625
386,185.886879566667,True,-46.2569732666016,-78.9474639892578,593.369995117188,True,11.7036075592041,-79.2615966796875,588.108947753906,True,35.1202278137207,180.539703369141,42.8312568664551,True,0.563623607158661,0.406437993049622,True,31.7399826049805,187.458236694336,45.3494186401367,True,0.557500004768372,0.38272613286972,True,2.60336303710938,True,2.39834594726563
387,185.888546233333,True,-46.2586288452148,-78.9505844116211,593.367797851563,True,11.7071533203125,-79.2617950439453,588.119812011719,True,35.965202331543,179.458770751953,42.4378509521484,True,0.565154314041138,0.410142689943314,True,30.4995803833008,189.616851806641,46.1350708007813,True,0.555252850055695,0.375327914953232,True,2.62876892089844,True,2.388916015625
388,185.8902129,True,-46.2598342895508,-78.9511184692383,593.374389648438,True,11.7117109298706,-79.2637176513672,588.15283203125,True,35.1512603759766,179.484130859375,42.4470520019531,True,0.563679814338684,0.410055905580521,True,31.4580078125,187.620315551758,45.4084434509277,True,0.556989133358002,0.382170617580414,True,2.62310791015625,True,2.39610290527344
389,185.891879566667,True,-46.260498046875,-78.9515686035156,593.383361816406,True,11.7150249481201,-79.2660369873047,588.152099609375,True,34.7511138916016,179.962982177734,42.6213684082031,True,0.562954902648926,0.408414661884308,True,31.1950187683105,189.408554077148,46.0592498779297,True,0.556512773036957,0.376041859388351,True,2.61717224121094,True,2.39956665039063
390,185.893546233333,True,-46.2631607055664,-78.9560623168945,593.411254882813,True,11.7187271118164,-79.2628707885742,588.144409179688,True,36.0463714599609,180.775817871094,42.917236328125,True,0.565301418304443,0.405628770589828,True,29.8143844604492,188.773727416992,45.8282089233398,True,0.554011583328247,0.37821751832962,True,2.62828063964844,True,2.39546203613281
391,185.8952129,True,-46.2646026611328,-78.9525604248047,593.393249511719,True,11.7255706787109,-79.270133972168,588.168823242188,True,35.6821365356445,181.008880615234,43.002067565918,True,0.564641535282135,0.404829919338226,True,30.8745460510254,187.885330200195,45.5048828125,True,0.5559321641922,0.381262362003326,True,2.62370300292969,True,2.40043640136719
392,185.896879566667,True,-46.2633934020996,-78.9522323608398,593.38720703125,True,11.7262401580811,-79.2669372558594,588.169799804688,True,33.912223815918,179.972106933594,42.624683380127,True,0.561435163021088,0.408383429050446,True,30.4765930175781,189.555023193359,46.1125755310059,True,0.555211246013641,0.375539779663086,True,2.620849609375,True,2.41148376464844
393,185.898546233333,True,-46.2649574279785,-78.9552993774414,593.39404296875,True,11.725564956665,-79.2693634033203,588.167358398438,True,34.3125076293945,179.102386474609,42.3081245422363,True,0.56216037273407,0.411364257335663,True,32.5032043457031,189.51008605957,46.0962448120117,True,0.558882594108582,0.375693798065186,True,2.61508178710938,True,2.41180419921875
394,185.9002129,True,-46.2628784179688,-78.9607238769531,593.398071289063,True,11.7302808761597,-79.2719802856445,588.178894042969,True,33.9126663208008,178.178009033203,41.9716835021973,True,0.561436057090759,0.41453230381012,True,32.1362113952637,187.348526000977,45.3094711303711,True,0.558217763900757,0.383102118968964,True,2.62734985351563,True,2.40924072265625
395,185.901879566667,True,-46.2649993896484,-78.9600372314453,593.412719726563,True,11.7312002182007,-79.2696380615234,588.162414550781,True,34.5015869140625,178.716506958008,42.1676940917969,True,0.562502861022949,0.41268664598465,True,31.5198631286621,188.194351196289,45.6173324584961,True,0.557101249694824,0.380203276872635,True,2.61595153808594,True,2.41339111328125
396,185.903546233333,True,-46.2658233642578,-78.9598770141602,593.416381835938,True,11.7328824996948,-79.274284362793,588.226135253906,True,32.878002166748,180.095092773438,42.6694107055664,True,0.559561610221863,0.407961875200272,True,32.3420333862305,190.015014648438,46.2799682617188,True,0.558590650558472,0.373963356018066,True,2.61312866210938,True,2.41401672363281
397,185.9052129,True,-46.2679100036621,-78.956169128418,593.396606445313,True,11.7397651672363,-79.2750244140625,588.221069335938,True,34.6551628112793,178.511306762695,42.0929870605469,True,0.562781095504761,0.413390040397644,True,29.8028182983398,189.024383544922,45.9194641113281,True,0.553990662097931,0.377358496189117,True,2.6265869140625,True,2.39918518066406
398,185.906879566667,True,-46.2663955688477,-78.9602890014648,593.396240234375,True,11.7416191101074,-79.2747344970703,588.203247070313,True,34.4014739990234,181.070648193359,43.0244827270508,True,0.562321543693542,0.404618352651596,True,30.2925262451172,189.99609375,46.2730674743652,True,0.554877758026123,0.374028205871582,True,2.62193298339844,True,2.39726257324219
399,185.908546233333,True,-46.2690353393555,-78.9625549316406,593.41845703125,True,11.7437868118286,-79.2780609130859,588.227844238281,True,35.4699897766113,179.247894287109,42.3610610961914,True,0.564257204532623,0.410865485668182,True,29.8898544311523,188.591339111328,45.7618026733398,True,0.554148316383362,0.378842711448669,True,2.62007141113281,True,2.40338134765625
400,185.9102129,True,-46.2714614868164,-78.9622039794922,593.429992675781,True,11.7410221099854,-79.2767944335938,588.233764648438,True,34.1444206237793,177.796600341797,41.8328399658203,True,0.561855912208557,0.415839552879333,True,30.7059307098389,187.472839355469,45.3546981811523,True,0.555626690387726,0.382676124572754,True,2.634765625,True,2.41456604003906
401,185.911879566667,True,-46.2739791870117,-78.9577865600586,593.416564941406,True,11.742338180542,-79.2766571044922,588.250915527344,True,35.5376167297363,179.91845703125,42.6051826477051,True,0.564379751682281,0.40856721997261,True,29.8575859069824,189.167938232422,45.9716949462891,True,0.554089844226837,0.376866459846497,True,2.62178039550781,True,2.39340209960938
402,185.913546233333,True,-46.2765731811523,-78.9662017822266,593.462280273438,True,11.7451515197754,-79.2743911743164,588.218017578125,True,35.3697204589844,179.017379760742,42.2771873474121,True,0.564075589179993,0.41165554523468,True,31.3611030578613,188.528137207031,45.7388610839844,True,0.556813657283783,0.379059195518494,True,2.63490295410156,True,2.4130859375
403,185.9152129,True,-46.2769317626953,-78.9625091552734,593.45361328125,True,11.7427282333374,-79.2763671875,588.236145019531,True,35.094108581543,179.733215332031,42.5377388000488,True,0.563576221466064,0.409202098846436,True,31.7088623046875,188.212707519531,45.6240043640137,True,0.557443559169769,0.38014030456543,True,2.62461853027344,True,2.40791320800781
404,185.916879566667,True,-46.2786712646484,-78.9581832885742,593.446411132813,True,11.7425346374512,-79.2724380493164,588.247497558594,True,35.4562797546387,179.811553955078,42.5662689208984,True,0.564232409000397,0.408933579921722,True,31.6185665130615,186.970733642578,45.1719818115234,True,0.55728006362915,0.384397000074387,True,2.64202880859375,True,2.41215515136719
405,185.918546233333,True,-46.2809982299805,-78.96923828125,593.476806640625,True,11.7499752044678,-79.2812194824219,588.279235839844,True,36.2125968933105,179.17204284668,42.3334808349609,True,0.565602540969849,0.411125421524048,True,31.8449840545654,188.679962158203,45.7940673828125,True,0.557690262794495,0.378538966178894,True,2.62733459472656,True,2.40147399902344
406,185.9202129,True,-46.2840728759766,-78.9665069580078,593.510986328125,True,11.7481727600098,-79.2735366821289,588.248596191406,True,36.0187911987305,179.75959777832,42.5473480224609,True,0.565251469612122,0.409111678600311,True,29.8578758239746,187.719329833984,45.4444732666016,True,0.55409038066864,0.381831228733063,True,2.64140319824219,True,2.41197204589844
407,185.921879566667,True,-46.2831878662109,-78.9661865234375,593.48583984375,True,11.7491178512573,-79.2753143310547,588.253112792969,True,35.0670852661133,178.814971923828,42.2035369873047,True,0.563527345657349,0.412349224090576,True,30.4759216308594,187.773162841797,45.4640579223633,True,0.555210053920746,0.381646811962128,True,2.63079833984375,True,2.41392517089844
408,185.923546233333,True,-46.2830581665039,-78.9727325439453,593.512573242188,True,11.7505321502686,-79.2796478271484,588.270751953125,True,33.5739974975586,179.856338500977,42.5825347900391,True,0.560822486877441,0.408780157566071,True,32.5884094238281,188.631698608398,45.7765274047852,True,0.55903697013855,0.378704339265823,True,2.62957763671875,True,2.41397094726563
409,185.9252129,True,-46.2861404418945,-78.9674377441406,593.494873046875,True,11.7474040985107,-79.2747268676758,588.266967773438,True,35.2760963439941,179.538467407227,42.4668502807617,True,0.563906013965607,0.40986955165863,True,30.1073417663574,189.339782714844,46.0342445373535,True,0.554542303085327,0.376277536153793,True,2.62687683105469,True,2.39547729492188
410,185.926879566667,True,-46.288459777832,-78.971076965332,593.529663085938,True,11.7506847381592,-79.2802963256836,588.298767089844,True,35.6173934936523,179.865570068359,42.5859184265137,True,0.564524292945862,0.40874856710434,True,31.965389251709,188.963806152344,45.8974151611328,True,0.557908296585083,0.37756609916687,True,2.62489318847656,True,2.41264343261719
411,185.928546233333,True,-46.2906036376953,-78.9717025756836,593.529541015625,True,11.753101348877,-79.2826690673828,588.274169921875,True,35.6726303100586,177.328399658203,41.6624717712402,True,0.564624309539795,0.417444169521332,True,30.9017486572266,189.02262878418,45.9187774658203,True,0.555981457233429,0.377364486455917,True,2.63374328613281,True,2.40289306640625
412,185.9302129,True,-46.2919807434082,-78.972282409668,593.536010742188,True,11.7489728927612,-79.2800445556641,588.295776367188,True,34.8830337524414,179.686859130859,42.5208740234375,True,0.563193917274475,0.409360975027084,True,31.3727760314941,191.195678710938,46.7097091674805,True,0.556834757328033,0.36991685628891,True,2.61988830566406,True,2.41090393066406
413,185.931879566667,True,-46.2934188842773,-78.9747161865234,593.549255371094,True,11.7494583129883,-79.2809906005859,588.298095703125,True,34.8138885498047,179.970565795898,42.624153137207,True,0.563068687915802,0.408388614654541,True,29.7023315429688,189.387512207031,46.0516319274902,True,0.553808569908142,0.376113891601563,True,2.62104797363281,True,2.38896179199219
414,185.933546233333,True,-46.2950744628906,-78.9770812988281,593.552795410156,True,11.7472629547119,-79.284294128418,588.306518554688,True,34.5564117431641,180.033447265625,42.6469917297363,True,0.56260222196579,0.408173143863678,True,30.9718132019043,188.520523071289,45.7360191345215,True,0.556108355522156,0.37908536195755,True,2.63363647460938,True,2.40916442871094
415,185.9352129,True,-46.297737121582,-78.9805603027344,593.569885253906,True,11.7444162368774,-79.2809143066406,588.278686523438,True,35.3414726257324,180.117004394531,42.6774215698242,True,0.564024388790131,0.407886773347855,True,31.2156753540039,185.989379882813,44.8147888183594,True,0.556550204753876,0.387760400772095,True,2.63851928710938,True,2.41648864746094
416,185.936879566667,True,-46.3000717163086,-78.9833526611328,593.584411621094,True,11.7490406036377,-79.2856903076172,588.3173828125,True,35.4903831481934,178.975280761719,42.2618637084961,True,0.564294099807739,0.411799818277359,True,29.6826496124268,189.080581665039,45.9399032592773,True,0.553772926330566,0.377165853977203,True,2.62954711914063,True,2.40751647949219
417,185.938546233333,True,-46.3018646240234,-78.9835357666016,593.599487304688,True,11.7466564178467,-79.286506652832,588.313842773438,True,33.8374290466309,179.746612548828,42.5426063537598,True,0.561299681663513,0.409156203269958,True,31.6543025970459,188.125839233398,45.592399597168,True,0.557344794273376,0.380438089370728,True,2.62638854980469,True,2.4140625
418,185.9402129,True,-46.3041381835938,-78.9846343994141,593.595642089844,True,11.7459421157837,-79.2868118286133,588.3203125,True,35.2542877197266,179.862258911133,42.5847091674805,True,0.563866496086121,0.408759832382202,True,31.2695751190186,187.837432861328,45.4874305725098,True,0.556647837162018,0.381426572799683,True,2.63427734375,True,2.41310119628906
419,185.941879566667,True,-46.3087921142578,-78.9842529296875,593.617370605469,True,11.7475051879883,-79.2864074707031,588.306518554688,True,35.4804229736328,179.104354858398,42.3088760375977,True,0.564276158809662,0.411357402801514,True,31.7331848144531,187.708618164063,45.4405364990234,True,0.557487666606903,0.381868034601212,True,2.64654541015625,True,2.41383361816406
420,185.943546233333,True,-46.310417175293,-78.9880676269531,593.628662109375,True,11.7461452484131,-79.2876434326172,588.325927734375,True,35.481388092041,180.484497070313,42.8111953735352,True,0.56427788734436,0.406627237796783,True,31.1056976318359,187.551742553711,45.383415222168,True,0.556350946426392,0.382405698299408,True,2.62937927246094,True,2.42375183105469
421,185.9452129,True,-46.3112335205078,-78.9897918701172,593.607055664063,True,11.7422046661377,-79.2854614257813,588.324829101563,True,35.5729789733887,179.792358398438,42.5592498779297,True,0.564443826675415,0.408999443054199,True,31.6421508789063,188.509353637695,45.7319793701172,True,0.557322800159454,0.379123687744141,True,2.625244140625,True,2.42250061035156
422,185.946879566667,True,-46.3140106201172,-78.9904022216797,593.647827148438,True,11.7413015365601,-79.2852249145508,588.34521484375,True,34.889404296875,180.990783691406,42.9954528808594,True,0.563205480575562,0.404892057180405,True,30.1982154846191,187.593780517578,45.3987350463867,True,0.554706931114197,0.382261633872986,True,2.64140319824219,True,2.40989685058594
423,185.948546233333,True,-46.3177604675293,-78.9922180175781,593.66455078125,True,11.7435512542725,-79.2882919311523,588.330627441406,True,35.8647575378418,179.696517944336,42.5243606567383,True,0.564972341060638,0.409327894449234,True,31.9015197753906,186.605514526367,45.0390777587891,True,0.557792663574219,0.385648638010025,True,2.63394165039063,True,2.41883850097656
424,185.9502129,True,-46.3179054260254,-78.9944152832031,593.669067382813,True,11.7405977249146,-79.2842254638672,588.3154296875,True,34.5224990844727,179.125122070313,42.3164291381836,True,0.562540769577026,0.411286234855652,True,31.2106857299805,188.339340209961,45.6701049804688,True,0.55654114484787,0.37970632314682,True,2.63465881347656,True,2.41575622558594
425,185.951879566667,True,-46.3195190429688,-79.0002746582031,593.693664550781,True,11.7408275604248,-79.2872161865234,588.331237792969,True,34.5191993713379,178.183837890625,41.9738426208496,True,0.562534809112549,0.41451221704483,True,32.2582702636719,188.235717773438,45.632438659668,True,0.558438897132874,0.380061388015747,True,2.64100646972656,True,2.41270446777344
426,185.953546233333,True,-46.3184661865234,-78.9937438964844,593.640258789063,True,11.7422580718994,-79.2922668457031,588.334777832031,True,33.7478523254395,180.480178833008,42.8096084594727,True,0.561137437820435,0.406642079353333,True,30.2575759887695,186.930297851563,45.1572570800781,True,0.554814457893372,0.384535521268845,True,2.6351318359375,True,2.40756225585938
427,185.9552129,True,-46.3208045959473,-78.9970855712891,593.639282226563,True,11.74001121521,-79.2920989990234,588.338439941406,True,34.7566528320313,178.95964050293,42.2561569213867,True,0.562964975833893,0.411853492259979,True,31.0777473449707,186.116516113281,44.8611030578613,True,0.556300282478333,0.387324601411819,True,2.64546203613281,True,2.4310302734375
428,185.956879566667,True,-46.322883605957,-78.9995574951172,593.654602050781,True,11.7397413253784,-79.2948532104492,588.35205078125,True,34.8250427246094,179.445953369141,42.4332237243652,True,0.563088834285736,0.410186648368835,True,31.5055179595947,187.039932250977,45.1971549987793,True,0.557075262069702,0.384159743785858,True,2.63825988769531,True,2.40655517578125
429,185.958546233333,True,-46.3206901550293,-78.997444152832,593.635070800781,True,11.7428703308105,-79.295036315918,588.339416503906,True,34.0920486450195,181.250671386719,43.0900268554688,True,0.56176096200943,0.404001414775848,True,30.9611396789551,187.880920410156,45.5032577514648,True,0.556089043617249,0.381277501583099,True,2.63003540039063,True,2.41178894042969
430,185.9602129,True,-46.3251266479492,-78.9995574951172,593.647155761719,True,11.7407970428467,-79.2978744506836,588.364562988281,True,34.8974227905273,178.917633056641,42.2408676147461,True,0.563220024108887,0.411997437477112,True,31.7541923522949,189.008941650391,45.9138107299805,True,0.55752569437027,0.377411454916,True,2.64154052734375,True,2.43302917480469
431,185.961879566667,True,-46.3237686157227,-79.0023422241211,593.634643554688,True,11.7371377944946,-79.2951049804688,588.365234375,True,34.2526435852051,180.359298706055,42.7656135559082,True,0.562051892280579,0.407056331634521,True,31.3074073791504,188.20295715332,45.620475769043,True,0.556716322898865,0.380173712968826,True,2.62844848632813,True,2.42376708984375
432,185.963546233333,True,-46.3245315551758,-79.0040740966797,593.6396484375,True,11.7421798706055,-79.3031158447266,588.364990234375,True,33.4418830871582,178.702377319336,42.1625785827637,True,0.560583114624023,0.412735044956207,True,31.7917175292969,186.887176513672,45.1415672302246,True,0.557593703269958,0.384683340787888,True,2.63870239257813,True,2.42189025878906
433,185.9652129,True,-46.3246994018555,-79.0029449462891,593.621459960938,True,11.7368040084839,-79.3013076782227,588.382690429688,True,33.6665191650391,179.884582519531,42.5928344726563,True,0.56099009513855,0.408683329820633,True,30.5814838409424,186.220108032227,44.8988189697266,True,0.555401265621185,0.386969566345215,True,2.63327026367188,True,2.41824340820313
434,185.966879566667,True,-46.3253631591797,-79.0033874511719,593.625854492188,True,11.7346715927124,-79.2998046875,588.377563476563,True,33.0477828979492,179.485366821289,42.4475021362305,True,0.559869170188904,0.410051614046097,True,31.0984954833984,187.0283203125,45.1929168701172,True,0.556337833404541,0.384199589490891,True,2.6514892578125,True,2.40977478027344
435,185.968546233333,True,-46.32666015625,-79.0051879882813,593.609985351563,True,11.7324867248535,-79.3062362670898,588.392944335938,True,34.1151809692383,180.270965576172,42.7334976196289,True,0.561802923679352,0.407359063625336,True,31.5787963867188,188.349197387695,45.6736526489258,True,0.557208001613617,0.379672557115555,True,2.64653015136719,True,2.42889404296875
436,185.9702129,True,-46.3305625915527,-79.0050964355469,593.628662109375,True,11.7314167022705,-79.3021697998047,588.38818359375,True,34.6319770812988,180.205444335938,42.709602355957,True,0.562739133834839,0.407583683729172,True,31.3657150268555,187.95573425293,45.5305099487305,True,0.556821942329407,0.381021082401276,True,2.64561462402344,True,2.41743469238281
437,185.971879566667,True,-46.3287963867188,-79.0094604492188,593.615844726563,True,11.7281513214111,-79.3027420043945,588.379150390625,True,32.3151435852051,179.625549316406,42.4985580444336,True,0.558541893959045,0.40957111120224,True,29.7684383392334,189.630096435547,46.1398849487305,True,0.553928375244141,0.37528258562088,True,2.62704467773438,True,2.41964721679688
438,185.973546233333,True,-46.3336029052734,-79.0095367431641,593.62451171875,True,11.7303504943848,-79.3096923828125,588.41015625,True,35.1162300109863,178.367858886719,42.0408096313477,True,0.563616394996643,0.413881599903107,True,31.2831573486328,190.320068359375,46.3910293579102,True,0.556672394275665,0.372917771339417,True,2.63058471679688,True,2.41665649414063
439,185.9752129,True,-46.3331146240234,-79.0133819580078,593.626220703125,True,11.730167388916,-79.304573059082,588.381042480469,True,33.358455657959,178.760040283203,42.1835556030273,True,0.560431957244873,0.412537455558777,True,30.7125034332275,187.739349365234,45.4517364501953,True,0.555638611316681,0.381762683391571,True,2.64730834960938,True,2.43110656738281
440,185.976879566667,True,-46.3349151611328,-79.0162353515625,593.637939453125,True,11.7256126403809,-79.3088836669922,588.399230957031,True,32.939453125,181.166961669922,43.0595741271973,True,0.559672951698303,0.404288202524185,True,31.7503604888916,188.735260009766,45.8142166137695,True,0.557518780231476,0.378349363803864,True,2.6280517578125,True,2.4151611328125
441,185.978546233333,True,-46.3337287902832,-79.0195541381836,593.635314941406,True,11.7216691970825,-79.3068389892578,588.3828125,True,32.2957420349121,180.841888427734,42.9412612915039,True,0.558506786823273,0.405402392148972,True,30.8228225708008,187.896072387695,45.5087509155273,True,0.555838465690613,0.3812255859375,True,2.6319580078125,True,2.412353515625
442,185.9802129,True,-46.339225769043,-79.0225830078125,593.652526855469,True,11.7228107452393,-79.3093795776367,588.405395507813,True,33.9042015075684,178.688262939453,42.1574020385742,True,0.561420679092407,0.41278350353241,True,31.2319755554199,190.139297485352,46.3252563476563,True,0.556579649448395,0.373537302017212,True,2.65995788574219,True,2.39598083496094
443,185.981879566667,True,-46.3394927978516,-79.0264739990234,593.650268554688,True,11.721625328064,-79.309814453125,588.411987304688,True,34.6198959350586,178.986557006836,42.2659683227539,True,0.562717199325562,0.411761164665222,True,31.7391662597656,186.381530761719,44.9575119018555,True,0.557498455047607,0.386416375637054,True,2.64627075195313,True,2.42628479003906
444,185.983546233333,True,-46.3426284790039,-79.0256042480469,593.658325195313,True,11.7186527252197,-79.3120803833008,588.390869140625,True,33.277214050293,179.893981933594,42.5962677001953,True,0.560284852981567,0.408651113510132,True,32.6953620910645,187.265502929688,45.2792892456055,True,0.559230744838715,0.383386641740799,True,2.62896728515625,True,2.42489624023438
445,185.9852129,True,-46.3443756103516,-79.0292892456055,593.670654296875,True,11.7167682647705,-79.3124313354492,588.417724609375,True,32.3730621337891,179.317947387695,42.3865814208984,True,0.558646857738495,0.410625398159027,True,30.8693389892578,190.14453125,46.3271636962891,True,0.555922746658325,0.373519361019135,True,2.63687133789063,True,2.41938781738281
446,185.986879566667,True,-46.3455657958984,-79.0318832397461,593.662414550781,True,11.7139759063721,-79.310661315918,588.391479492188,True,33.2602119445801,180.55924987793,42.8384170532227,True,0.560253977775574,0.406370997428894,True,31.1995086669922,187.996917724609,45.5454483032227,True,0.556520879268646,0.380879998207092,True,2.63529968261719,True,2.431396484375
447,185.988546233333,True,-46.3484649658203,-79.0325317382813,593.672485351563,True,11.7157859802246,-79.3155822753906,588.409240722656,True,32.9671325683594,180.6416015625,42.8683547973633,True,0.559723079204559,0.406088829040527,True,31.6601524353027,186.644866943359,45.0533485412598,True,0.557355403900146,0.385513812303543,True,2.62335205078125,True,2.42752075195313
448,185.9902129,True,-46.3470458984375,-79.039306640625,593.675354003906,True,11.7165050506592,-79.3179321289063,588.412353515625,True,33.3758277893066,180.418640136719,42.7872047424316,True,0.560463428497314,0.406853020191193,True,31.8891925811768,188.600677490234,45.7652053833008,True,0.557770252227783,0.378810703754425,True,2.65083312988281,True,2.41847229003906
449,185.991879566667,True,-46.3502807617188,-79.0415344238281,593.678527832031,True,11.7171058654785,-79.3175354003906,588.379943847656,True,34.7655258178711,180.114227294922,42.6763687133789,True,0.562981009483337,0.407896339893341,True,31.1598472595215,187.726776123047,45.4471588134766,True,0.556448996067047,0.381805717945099,True,2.65440368652344,True,2.41677856445313
450,185.993546233333,True,-46.3518829345703,-79.0474700927734,593.703491210938,True,11.7118225097656,-79.3171691894531,588.400512695313,True,33.9796829223633,178.683990478516,42.1558456420898,True,0.561557412147522,0.412798166275024,True,31.294885635376,188.079498291016,45.5755386352539,True,0.55669367313385,0.380596876144409,True,2.65281677246094,True,2.42753601074219
451,185.9952129,True,-46.35400390625,-79.0396957397461,593.662353515625,True,11.7109336853027,-79.3186950683594,588.419616699219,True,34.8126564025879,179.605865478516,42.4914245605469,True,0.563066422939301,0.409638494253159,True,30.3555221557617,189.604537963867,46.1306114196777,True,0.554991900920868,0.375370115041733,True,2.64521789550781,True,2.41549682617188
452,185.996879566667,True,-46.3531875610352,-79.0487823486328,593.695007324219,True,11.7136859893799,-79.3213806152344,588.404113769531,True,33.3349456787109,180.133850097656,42.6835708618164,True,0.560389399528503,0.40782904624939,True,31.1192359924316,188.972290039063,45.9005355834961,True,0.55637538433075,0.37753689289093,True,2.64614868164063,True,2.41004943847656
453,185.998546233333,True,-46.3571014404297,-79.0484771728516,593.704711914063,True,11.7114353179932,-79.323112487793,588.425964355469,True,33.3934326171875,180.378326416016,42.7724914550781,True,0.560495376586914,0.40699115395546,True,30.9712181091309,188.003997802734,45.5480117797852,True,0.55610728263855,0.380855739116669,True,2.64778137207031,True,2.42596435546875
454,186.0002129,True,-46.3569641113281,-79.0548706054688,593.709106445313,True,11.7136268615723,-79.3254623413086,588.432495117188,True,33.2799606323242,179.715393066406,42.5313034057617,True,0.560289740562439,0.409263104200363,True,31.485466003418,188.655090332031,45.7850646972656,True,0.557038903236389,0.3786241710186,True,2.64266967773438,True,2.4207763671875
455,186.001879566667,True,-46.359016418457,-79.0532913208008,593.706481933594,True,11.7105751037598,-79.3277435302734,588.421997070313,True,32.6958923339844,180.965469360352,42.9862594604492,True,0.559231638908386,0.404978781938553,True,31.141674041748,187.289642333984,45.2880783081055,True,0.556416094303131,0.383303940296173,True,2.64752197265625,True,2.42195129394531
456,186.003546233333,True,-46.3601112365723,-79.056755065918,593.714782714844,True,11.7083339691162,-79.3246383666992,588.404724121094,True,34.6409454345703,180.737609863281,42.9033050537109,True,0.562755346298218,0.405759751796722,True,31.8467636108398,189.232604980469,45.995246887207,True,0.557693421840668,0.376644849777222,True,2.64491271972656,True,2.42842102050781
457,186.0052129,True,-46.3632125854492,-79.0569076538086,593.741638183594,True,11.7117557525635,-79.3285827636719,588.414978027344,True,33.7109489440918,178.588836669922,42.121208190918,True,0.561070561408997,0.413124322891235,True,30.942497253418,189.913681030273,46.2431564331055,True,0.556055307388306,0.374310553073883,True,2.65025329589844,True,2.41860961914063
458,186.006879566667,True,-46.3635520935059,-79.0636367797852,593.74072265625,True,11.712682723999,-79.3311767578125,588.4443359375,True,33.6814994812012,181.544860839844,43.1971130371094,True,0.561017215251923,0.402993142604828,True,29.5656623840332,188.685150146484,45.7959861755371,True,0.55356103181839,0.378521144390106,True,2.64448547363281,True,2.42674255371094
459,186.008546233333,True,-46.3655624389648,-79.0616455078125,593.732421875,True,11.7081089019775,-79.3303298950195,588.424926757813,True,33.5388946533203,180.210205078125,42.7113227844238,True,0.560758888721466,0.407567352056503,True,32.2544288635254,187.730850219727,45.4486351013184,True,0.558431923389435,0.381791800260544,True,2.6600341796875,True,2.41940307617188
460,186.0102129,True,-46.3642654418945,-79.0675506591797,593.751342773438,True,11.7095155715942,-79.3344879150391,588.446472167969,True,32.4703750610352,180.726898193359,42.8994064331055,True,0.558823227882385,0.405796498060226,True,30.8617115020752,188.126831054688,45.5927581787109,True,0.555908918380737,0.380434632301331,True,2.62875366210938,True,2.4227294921875
461,186.011879566667,True,-46.368537902832,-79.071044921875,593.77001953125,True,11.7108612060547,-79.3355102539063,588.461059570313,True,32.5431594848633,180.167465209961,42.6958160400391,True,0.558955013751984,0.407713830471039,True,31.0870552062988,190.125701904297,46.3202667236328,True,0.556317150592804,0.373583972454071,True,2.6441650390625,True,2.42950439453125
462,186.013546233333,True,-46.3670845031738,-79.0702056884766,593.744262695313,True,11.7058868408203,-79.3345413208008,588.442016601563,True,35.0395965576172,179.52116394043,42.4605140686035,True,0.563477575778961,0.409928977489471,True,32.0968322753906,188.678207397461,45.7934341430664,True,0.558146476745605,0.378544986248016,True,2.6446533203125,True,2.42465209960938
463,186.0152129,True,-46.3682632446289,-79.0704956054688,593.757141113281,True,11.7094163894653,-79.3379592895508,588.4462890625,True,33.3939743041992,180.994079589844,42.9966316223145,True,0.56049633026123,0.40488076210022,True,32.1808624267578,189.024169921875,45.9193534851074,True,0.558298707008362,0.3773592710495,True,2.63612365722656,True,2.43376159667969
464,186.016879566667,True,-46.368034362793,-79.0774841308594,593.783874511719,True,11.7054233551025,-79.3361892700195,588.448364257813,True,33.524112701416,181.351959228516,43.1269264221191,True,0.560732066631317,0.403654217720032,True,31.0728454589844,187.699798583984,45.4373893737793,True,0.556291341781616,0.381898164749146,True,2.65199279785156,True,2.42202758789063
465,186.018546233333,True,-46.369026184082,-79.0776214599609,593.780090332031,True,11.7080993652344,-79.3386077880859,588.431762695313,True,34.2608032226563,180.934204101563,42.9748687744141,True,0.562066674232483,0.405085951089859,True,31.1414833068848,187.209899902344,45.2590484619141,True,0.556415736675262,0.383577167987823,True,2.63998413085938,True,2.43190002441406
466,186.0202129,True,-46.3714332580566,-79.0778274536133,593.77880859375,True,11.7084035873413,-79.3398284912109,588.459106445313,True,33.2677726745605,179.865753173828,42.5859680175781,True,0.560267686843872,0.408747911453247,True,30.8962669372559,190.76318359375,46.5523567199707,True,0.555971503257751,0.37139904499054,True,2.63301086425781,True,2.41731262207031
467,186.021879566667,True,-46.370491027832,-79.0807418823242,593.791687011719,True,11.7112369537354,-79.3451156616211,588.482116699219,True,33.0722923278809,179.591232299805,42.4860687255859,True,0.559913575649261,0.409688770771027,True,30.7830276489258,189.593505859375,46.1266098022461,True,0.555766344070435,0.375407874584198,True,2.63932800292969,True,2.41091918945313
468,186.023546233333,True,-46.3724975585938,-79.0820770263672,593.80712890625,True,11.7056617736816,-79.3437805175781,588.471557617188,True,33.7144165039063,180.647888183594,42.8706588745117,True,0.561076819896698,0.406067311763763,True,30.6418952941895,187.582824707031,45.3947219848633,True,0.555510699748993,0.382299184799194,True,2.63140869140625,True,2.43008422851563
469,186.0252129,True,-46.3793563842773,-79.0841598510742,593.799560546875,True,11.7008457183838,-79.3449096679688,588.461242675781,True,33.4782981872559,179.208297729492,42.3467025756836,True,0.560649156570435,0.411001175642014,True,31.9917984008789,188.224166870117,45.6282081604004,True,0.557956099510193,0.380101054906845,True,2.64451599121094,True,2.42770385742188
470,186.026879566667,True,-46.3870277404785,-79.0927734375,593.800170898438,True,11.6951303482056,-79.3447036743164,588.431884765625,True,34.0634918212891,178.550231933594,42.107177734375,True,0.56170928478241,0.41325655579567,True,31.5820713043213,188.112915039063,45.5876770019531,True,0.55721390247345,0.380482375621796,True,2.65467834472656,True,2.42033386230469
471,186.028546233333,True,-46.4058303833008,-79.1009216308594,593.857299804688,True,11.6783885955811,-79.3509826660156,588.427062988281,True,32.9504165649414,179.851287841797,42.5807113647461,True,0.559692800045013,0.408797442913055,True,31.9999122619629,187.878616333008,45.5023918151855,True,0.557970881462097,0.381285399198532,True,2.64253234863281,True,2.41903686523438
472,186.0302129,True,-46.4247512817383,-79.1137084960938,593.920776367188,True,11.6578788757324,-79.3594360351563,588.487548828125,True,30.8678245544434,178.203674316406,41.9809875488281,True,0.555920004844666,0.414444386959076,True,29.5337142944336,189.330657958984,46.0309219360352,True,0.553503096103668,0.376308739185333,True,2.65957641601563,True,2.41845703125
473,186.031879566667,True,-46.4442138671875,-79.1252670288086,593.98681640625,True,11.6355075836182,-79.3756713867188,588.578186035156,True,25.7724666595459,176.782302856445,41.4637145996094,True,0.54668927192688,0.419315814971924,True,25.2347927093506,187.661148071289,45.4232788085938,True,0.54571521282196,0.382030665874481,True,2.65046691894531,True,2.42221069335938
474,186.033546233333,True,-46.4679183959961,-79.1446533203125,594.020385742188,True,11.5959186553955,-79.3811950683594,588.537414550781,True,21.0946769714355,175.949417114258,41.1605377197266,True,0.538214981555939,0.422170341014862,True,18.6760673522949,187.977600097656,45.5384368896484,True,0.5338334441185,0.380946159362793,True,2.66850280761719,True,2.42765808105469
475,186.0352129,True,-46.4859466552734,-79.1573333740234,594.046569824219,True,11.5572261810303,-79.3929443359375,588.541015625,True,14.5405540466309,172.722885131836,39.9861717224121,True,0.526341557502747,0.433228671550751,True,10.7301111221313,185.691009521484,44.706226348877,True,0.519438564777374,0.388782888650894,True,2.65373229980469,True,2.41426086425781
476,186.036879566667,True,-46.5251159667969,-79.1769027709961,594.130249023438,True,11.5220975875854,-79.42431640625,588.725524902344,True,8.58632659912109,173.60888671875,40.3086471557617,True,0.515554964542389,0.430192112922668,True,3.76665639877319,183.455688476563,43.8926010131836,True,0.506823658943176,0.396444112062454,True,2.65278625488281,True,2.43035888671875
477,186.038546233333,True,-46.5536880493164,-79.1961135864258,594.098571777344,True,11.4740982055664,-79.4357986450195,588.723510742188,True,3.37336730957031,170.992797851563,39.3564834594727,True,0.506111145019531,0.439158231019974,True,-4.44536876678467,182.126647949219,43.4088821411133,True,0.491946816444397,0.40099909901619,True,2.65908813476563,True,2.43632507324219
478,186.0402129,True,-46.5741806030273,-79.2196502685547,594.151245117188,True,11.4303731918335,-79.4475173950195,588.802673339844,True,-4.16533374786377,169.138366699219,38.6815338134766,True,0.49245411157608,0.445513904094696,True,-9.52548694610596,177.398254394531,41.6879081726074,True,0.482743680477142,0.417204678058624,True,2.66307067871094,True,2.43057250976563
479,186.041879566667,True,-46.602897644043,-79.2319946289063,594.170288085938,True,11.3975448608398,-79.4559097290039,588.83056640625,True,-9.35382270812988,169.580596923828,38.8424949645996,True,0.483054667711258,0.443998217582703,True,-16.2077751159668,175.014205932617,40.820182800293,True,0.470638066530228,0.425375550985336,True,2.66740417480469,True,2.44319152832031
480,186.043546233333,True,-46.6376457214355,-79.2378997802734,594.157348632813,True,11.3526706695557,-79.4565505981445,588.739807128906,True,-13.9080638885498,170.570388793945,39.2027282714844,True,0.474804252386093,0.440605968236923,True,-22.9568672180176,176.086502075195,41.2104072570801,True,0.458411514759064,0.421700596809387,True,2.66268920898438,True,2.42460632324219
481,186.0452129,True,-46.6695137023926,-79.2458877563477,594.196533203125,True,11.3156127929688,-79.453971862793,588.725158691406,True,-18.2611122131348,166.988327026367,37.8989677429199,True,0.466918289661407,0.452882766723633,True,-25.7748222351074,174.653228759766,40.6887855529785,True,0.453306496143341,0.426612794399261,True,2.65859985351563,True,2.42906188964844
482,186.046879566667,True,-46.6990966796875,-79.251220703125,594.239318847656,True,11.288236618042,-79.4568786621094,588.773742675781,True,-23.1612205505371,167.635986328125,38.1347045898438,True,0.458041250705719,0.450662970542908,True,-29.2462577819824,174.918304443359,40.7852401733398,True,0.447017669677734,0.425704300403595,True,2.65330505371094,True,2.43353271484375
483,186.048546233333,True,-46.7276649475098,-79.2597045898438,594.291931152344,True,11.2599792480469,-79.4642181396484,588.823486328125,True,-26.5245819091797,168.071533203125,38.2932052612305,True,0.451948225498199,0.449170261621475,True,-31.6370582580566,175.785034179688,41.1007308959961,True,0.442686498165131,0.422733724117279,True,2.65422058105469,True,2.43609619140625
484,186.0502129,True,-46.7580795288086,-79.2593688964844,594.255859375,True,11.2332286834717,-79.4611663818359,588.793090820313,True,-28.9513282775879,169.118133544922,38.6741828918457,True,0.447551965713501,0.44558322429657,True,-33.7038230895996,176.459075927734,41.3460655212402,True,0.43894237279892,0.420423567295074,True,2.65800476074219,True,2.439208984375
485,186.051879566667,True,-46.7915344238281,-79.2630004882813,594.201232910156,True,11.2020444869995,-79.4529266357422,588.7158203125,True,-31.9436073303223,169.631866455078,38.8611450195313,True,0.442131161689758,0.44382244348526,True,-35.4618606567383,177.490493774414,41.7214736938477,True,0.435757517814636,0.416888564825058,True,2.64884948730469,True,2.43397521972656
486,186.053546233333,True,-46.8113250732422,-79.2649993896484,594.221801757813,True,11.1778059005737,-79.4582901000977,588.801879882813,True,-37.1530303955078,169.500823974609,38.8134613037109,True,0.432693779468536,0.444271683692932,True,-38.3633804321289,179.163208007813,42.3302612304688,True,0.430501103401184,0.411155700683594,True,2.65213012695313,True,2.4376220703125
487,186.0552129,True,-46.8288955688477,-79.2694091796875,594.246032714844,True,11.1595735549927,-79.4571304321289,588.806701660156,True,-42.9738616943359,170.5927734375,39.2109069824219,True,0.422148853540421,0.440529227256775,True,-39.7686996459961,176.832504272461,41.4819602966309,True,0.427955269813538,0.419143795967102,True,2.64166259765625,True,2.43650817871094
488,186.056879566667,True,-46.8614387512207,-79.2852630615234,594.321899414063,True,11.1412897109985,-79.4569702148438,588.79541015625,True,-46.4239120483398,170.689147949219,39.2459335327148,True,0.415898680686951,0.440198957920074,True,-43.4078407287598,178.517333984375,42.0951652526855,True,0.421362608671188,0.413369387388229,True,2.63519287109375,True,2.43490600585938
489,186.058546233333,True,-46.8723831176758,-79.28125,594.2890625,True,11.1249675750732,-79.4577484130859,588.763000488281,True,-48.3561706542969,168.022674560547,38.2754592895508,True,0.412398248910904,0.449337720870972,True,-47.6295433044434,177.695846557617,41.7961578369141,True,0.413714587688446,0.41618487238884,True,2.63922119140625,True,2.44403076171875
490,186.0602129,True,-46.890739440918,-79.2869644165039,594.3017578125,True,11.1163234710693,-79.4580764770508,588.708435058594,True,-52.4955024719238,169.951354980469,38.9774131774902,True,0.404899477958679,0.442727565765381,True,-50.6228332519531,179.133544921875,42.319465637207,True,0.40829199552536,0.411257326602936,True,2.62742614746094,True,2.43452453613281
491,186.061879566667,True,-46.9015274047852,-79.2924652099609,594.3046875,True,11.1079454421997,-79.4579238891602,588.696472167969,True,-52.9377403259277,169.766723632813,38.9101905822754,True,0.404098272323608,0.443360388278961,True,-53.0808563232422,181.265274047852,43.0953788757324,True,0.40383905172348,0.403951287269592,True,2.6375732421875,True,2.4344482421875
492,186.063546233333,True,-46.9115104675293,-79.2932357788086,594.29248046875,True,11.1004495620728,-79.4548492431641,588.655639648438,True,-55.2575454711914,170.40966796875,39.1442184448242,True,0.399895757436752,0.441156804561615,True,-52.4622192382813,179.136840820313,42.3206481933594,True,0.404959738254547,0.41124615073204,True,2.63572692871094,True,2.42845153808594
493,186.0652129,True,-46.6412353515625,-79.3118362426758,594.104919433594,True,11.628981590271,-79.4527969360352,588.618774414063,True,-58.6741638183594,173.394653320313,40.2307014465332,True,0.393706232309341,0.430926203727722,True,-63.5756454467773,177.663864135742,41.7845840454102,True,0.384826719760895,0.41629433631897,True,2.62680053710938,True,2.43698120117188
494,186.066879566667,True,-46.6488609313965,-79.3107681274414,594.126037597656,True,11.6286172866821,-79.4548645019531,588.62353515625,True,-57.3887672424316,174.955444335938,40.798770904541,True,0.396034836769104,0.425577014684677,True,-61.397819519043,177.930877685547,41.8816795349121,True,0.388772070407867,0.415379375219345,True,2.61625671386719,True,2.43550109863281
495,186.068546233333,True,-46.6474075317383,-79.3143844604492,594.145568847656,True,11.6372690200806,-79.4553375244141,588.628173828125,True,-57.8963394165039,174.503723144531,40.634349822998,True,0.395115315914154,0.427125185728073,True,-60.0992813110352,178.612335205078,42.1297302246094,True,0.391124486923218,0.413043737411499,True,2.60032653808594,True,2.44244384765625
496,186.0702129,True,-46.6538391113281,-79.308967590332,594.130981445313,True,11.636833190918,-79.4497833251953,588.625,True,-55.4921569824219,174.214080810547,40.5289688110352,True,0.399470746517181,0.428117871284485,True,-57.6610260009766,183.166961669922,43.787483215332,True,0.395541608333588,0.397433698177338,True,2.61709594726563,True,2.41851806640625
497,186.071879566667,True,-46.6576538085938,-79.3136749267578,594.167236328125,True,11.647910118103,-79.457893371582,588.639831542969,True,-54.8048477172852,174.252975463867,40.5430908203125,True,0.400715887546539,0.427984535694122,True,-57.2823028564453,178.972778320313,42.2609825134277,True,0.396227717399597,0.41180831193924,True,2.6199951171875,True,2.43132019042969
498,186.073546233333,True,-46.6543884277344,-79.3097305297852,594.103088378906,True,11.6449823379517,-79.4520263671875,588.641540527344,True,-54.4957275390625,176.029037475586,41.1894912719727,True,0.401275873184204,0.421897530555725,True,-57.4296951293945,178.941192626953,42.2494506835938,True,0.395960688591003,0.411916643381119,True,2.61004638671875,True,2.44639587402344
499,186.0752129,True,-46.6543045043945,-79.3077697753906,594.1376953125,True,11.6492099761963,-79.4520797729492,588.656005859375,True,-55.1182861328125,174.253311157227,40.5432090759277,True,0.400148093700409,0.427983462810516,True,-57.7488822937012,176.432907104492,41.336540222168,True,0.395382463932037,0.420513331890106,True,2.61305236816406,True,2.45108032226563
500,186.076879566667,True,-46.6475677490234,-79.3069915771484,594.060607910156,True,11.6539974212646,-79.4529876708984,588.63720703125,True,-55.545539855957,176.332977294922,41.3001251220703,True,0.399374008178711,0.420855760574341,True,-59.2316360473633,178.722885131836,42.1700134277344,True,0.39269632101059,0.412664830684662,True,2.6142578125,True,2.43792724609375
501,186.078546233333,True,-46.6487159729004,-79.316650390625,594.140563964844,True,11.6586399078369,-79.4574584960938,588.662170410156,True,-57.3327789306641,175.756759643555,41.090389251709,True,0.396136283874512,0.422830641269684,True,-59.0488548278809,181.583190917969,43.2110977172852,True,0.393027424812317,0.402861654758453,True,2.61396789550781,True,2.43099975585938
502,186.0802129,True,-46.6524467468262,-79.3155975341797,594.144470214844,True,11.6591949462891,-79.4550704956055,588.667358398438,True,-55.6894264221191,173.944869995117,40.4309501647949,True,0.399113357067108,0.429040491580963,True,-59.2993087768555,179.326202392578,42.389591217041,True,0.392573714256287,0.410597026348114,True,2.63629150390625,True,2.43801879882813
503,186.081879566667,True,-46.6508407592773,-79.3141555786133,594.14404296875,True,11.6621246337891,-79.4539031982422,588.658996582031,True,-56.673095703125,174.603393554688,40.6706390380859,True,0.397331386804581,0.426783591508865,True,-59.3738555908203,181.491027832031,43.177547454834,True,0.392438679933548,0.403177559375763,True,2.62332153320313,True,2.41873168945313
504,186.083546233333,True,-46.6450576782227,-79.3129577636719,594.085754394531,True,11.6649894714355,-79.4564056396484,588.699096679688,True,-56.4421081542969,174.001861572266,40.4517021179199,True,0.397749781608582,0.428845226764679,True,-58.9471969604492,183.537063598633,43.9222297668457,True,0.393211603164673,0.39616522192955,True,2.62785339355469,True,2.40940856933594
505,186.0852129,True,-46.6532936096191,-79.315788269043,594.165832519531,True,11.6653203964233,-79.4597778320313,588.70458984375,True,-56.2111549377441,174.781585693359,40.7354507446289,True,0.398168206214905,0.426172882318497,True,-61.8247680664063,179.545150756836,42.4692916870117,True,0.38799861073494,0.409846663475037,True,2.62129211425781,True,2.43057250976563
506,186.086879566667,True,-46.6456336975098,-79.3116989135742,594.115051269531,True,11.6692867279053,-79.4590454101563,588.699829101563,True,-57.1733856201172,174.72380065918,40.7144584655762,True,0.396425068378448,0.426370918750763,True,-60.2081985473633,178.049621582031,41.9249496459961,True,0.390927195549011,0.414972335100174,True,2.61807250976563,True,2.42510986328125
507,186.088546233333,True,-46.6499786376953,-79.3188705444336,594.158020019531,True,11.6676445007324,-79.4583129882813,588.72314453125,True,-55.5176315307617,173.698028564453,40.3411254882813,True,0.39942455291748,0.42988646030426,True,-58.4300155639648,183.042907714844,43.7423667907715,True,0.394148528575897,0.397858798503876,True,2.61996459960938,True,2.41529846191406
508,186.0902129,True,-46.647087097168,-79.3164978027344,594.147583007813,True,11.6727151870728,-79.4620208740234,588.703796386719,True,-56.362434387207,173.478103637695,40.2610549926758,True,0.39789417386055,0.430640280246735,True,-59.4982681274414,180.052703857422,42.6540107727051,True,0.39221328496933,0.408107161521912,True,2.62867736816406,True,2.43138122558594
509,186.091879566667,True,-46.6524353027344,-79.3160858154297,594.164672851563,True,11.6733779907227,-79.4603118896484,588.711242675781,True,-55.6804084777832,175.801696777344,41.1067543029785,True,0.399129688739777,0.422676682472229,True,-58.8670539855957,177.952758789063,41.8897171020508,True,0.393356800079346,0.415304183959961,True,2.61766052246094,True,2.44587707519531
510,186.093546233333,True,-46.6514625549316,-79.3143768310547,594.160461425781,True,11.6720361709595,-79.4634552001953,588.755920410156,True,-56.6861953735352,174.803558349609,40.7434730529785,True,0.397307634353638,0.426097571849823,True,-58.3830642700195,179.407287597656,42.4191207885742,True,0.394233584403992,0.410319209098816,True,2.62257385253906,True,2.42793273925781
511,186.0952129,True,-46.6495704650879,-79.3167190551758,594.158386230469,True,11.6782150268555,-79.4675750732422,588.754516601563,True,-56.2203025817871,173.534515380859,40.2815895080566,True,0.398151636123657,0.430446982383728,True,-59.1117782592773,179.344543457031,42.3962707519531,True,0.392913460731506,0.410534203052521,True,2.6201171875,True,2.43000793457031
512,186.096879566667,True,-46.6519165039063,-79.3173522949219,594.184509277344,True,11.6730213165283,-79.4595642089844,588.76171875,True,-56.8844299316406,175.235992431641,40.9009170532227,True,0.396948516368866,0.424615442752838,True,-59.5346908569336,182.027770996094,43.3728713989258,True,0.392147332429886,0.401338040828705,True,2.62051391601563,True,2.42463684082031
513,186.098546233333,True,-46.6512908935547,-79.3164520263672,594.168640136719,True,11.6754360198975,-79.4585571289063,588.761840820313,True,-56.5029640197754,173.749267578125,40.3597679138184,True,0.397639572620392,0.429710924625397,True,-58.7598457336426,179.807998657227,42.5649642944336,True,0.393551021814346,0.408945798873901,True,2.61276245117188,True,2.43736267089844
514,186.1002129,True,-46.6532821655273,-79.3137512207031,594.172058105469,True,11.6841983795166,-79.4650115966797,588.750427246094,True,-55.7124099731445,173.712677001953,40.3464469909668,True,0.399071753025055,0.429836302995682,True,-58.9856491088867,179.862487792969,42.5847396850586,True,0.39314192533493,0.408759117126465,True,2.618408203125,True,2.42544555664063
515,186.101879566667,True,-46.6513595581055,-79.3159637451172,594.167724609375,True,11.6848258972168,-79.4627075195313,588.723510742188,True,-55.4808502197266,173.676864624023,40.3334007263184,True,0.399491250514984,0.429959118366241,True,-59.2149353027344,179.181243896484,42.3368301391602,True,0.392726570367813,0.411093890666962,True,2.60812377929688,True,2.42279052734375
516,186.103546233333,True,-46.6495819091797,-79.3120574951172,594.157897949219,True,11.6891479492188,-79.467399597168,588.755737304688,True,-55.7512512207031,173.864944458008,40.40185546875,True,0.399001359939575,0.429314494132996,True,-59.3942031860352,177.581039428711,41.7544174194336,True,0.392401814460754,0.41657829284668,True,2.61528015136719,True,2.43980407714844
517,186.1052129,True,-46.6486053466797,-79.3167572021484,594.16357421875,True,11.6814098358154,-79.4644927978516,588.76611328125,True,-55.8854751586914,173.437103271484,40.2461242675781,True,0.398758202791214,0.43078088760376,True,-57.8744735717773,175.087753295898,40.8469467163086,True,0.39515495300293,0.425123572349548,True,2.62570190429688,True,2.43574523925781
518,186.106879566667,True,-46.6482238769531,-79.3162078857422,594.175476074219,True,11.6902303695679,-79.4624786376953,588.753295898438,True,-56.6518325805664,175.316848754883,40.9303665161133,True,0.397369861602783,0.424338281154633,True,-58.8009757995605,178.018829345703,41.9137649536133,True,0.393476486206055,0.415077805519104,True,2.61692810058594,True,2.43574523925781
519,186.108546233333,True,-46.6473350524902,-79.3130416870117,594.145812988281,True,11.6888160705566,-79.4612579345703,588.753479003906,True,-56.2052459716797,174.824768066406,40.7512283325195,True,0.398178935050964,0.426024913787842,True,-60.2552032470703,176.595901489258,41.3958625793457,True,0.390842020511627,0.419954657554626,True,2.60861206054688,True,2.45068359375
520,186.1102129,True,-46.6438903808594,-79.3095779418945,594.129028320313,True,11.6911764144897,-79.4640808105469,588.7763671875,True,-56.1864929199219,174.764999389648,40.7294464111328,True,0.398212850093842,0.426229774951935,True,-59.5617294311523,177.292922973633,41.6495742797852,True,0.392098307609558,0.417565703392029,True,2.61189270019531,True,2.42506408691406
521,186.111879566667,True,-46.6440086364746,-79.3088836669922,594.138732910156,True,11.6957340240479,-79.4658508300781,588.781555175781,True,-55.8684310913086,173.276657104492,40.1877784729004,True,0.398789077997208,0.431330680847168,True,-60.2338485717773,177.442962646484,41.704174041748,True,0.390880703926086,0.417051553726196,True,2.60879516601563,True,2.43257141113281
522,186.113546233333,True,-46.6453628540039,-79.3094940185547,594.141723632813,True,11.6946353912354,-79.4677886962891,588.810913085938,True,-55.3976364135742,174.267059326172,40.5481986999512,True,0.399641931056976,0.427936285734177,True,-60.2868309020996,177.503936767578,41.7263259887695,True,0.390784740447998,0.416842550039291,True,2.60615539550781,True,2.44775390625
523,186.1152129,True,-46.6420745849609,-79.304084777832,594.113159179688,True,11.6956272125244,-79.4673309326172,588.83935546875,True,-56.2067413330078,174.652984619141,40.6886863708496,True,0.398176193237305,0.426613599061966,True,-60.1491088867188,179.894760131836,42.5965728759766,True,0.391034245491028,0.408648431301117,True,2.61721801757813,True,2.43446350097656
524,186.116879566667,True,-46.6434555053711,-79.3076171875,594.130126953125,True,11.6957406997681,-79.463493347168,588.7919921875,True,-56.7876319885254,173.331771850586,40.2078094482422,True,0.397123873233795,0.431141793727875,True,-58.1117095947266,180.550170898438,42.8350677490234,True,0.394725143909454,0.406402170658112,True,2.61856079101563,True,2.4339599609375
525,186.118546233333,True,-46.6384353637695,-79.3013000488281,594.103515625,True,11.7035007476807,-79.4693984985352,588.815734863281,True,-55.9074554443359,175.416351318359,40.9665069580078,True,0.398718357086182,0.423997282981873,True,-57.5437049865723,178.458312988281,42.0736999511719,True,0.395754158496857,0.413571655750275,True,2.61582946777344,True,2.43235778808594
526,186.1202129,True,-46.6415328979492,-79.2985916137695,594.113525390625,True,11.7032442092896,-79.4657745361328,588.799499511719,True,-54.9182281494141,174.638305664063,40.6833534240723,True,0.400510489940643,0.426663905382156,True,-60.2136840820313,177.369842529297,41.6775360107422,True,0.390917241573334,0.417302131652832,True,2.60891723632813,True,2.43838500976563
527,186.121879566667,True,-46.6347808837891,-79.2986297607422,594.095886230469,True,11.7081489562988,-79.4660797119141,588.789367675781,True,-56.3362350463867,172.841796875,40.0294799804688,True,0.397941589355469,0.432821094989777,True,-57.9908981323242,178.236892700195,41.9931373596191,True,0.394944041967392,0.414330452680588,True,2.60711669921875,True,2.43931579589844
528,186.123546233333,True,-46.635124206543,-79.3006057739258,594.101745605469,True,11.7093887329102,-79.4653015136719,588.793701171875,True,-55.9468460083008,172.565399169922,39.9288482666016,True,0.398647040128708,0.433768421411514,True,-59.7551116943359,178.956970214844,42.2552185058594,True,0.391748011112213,0.411862522363663,True,2.61503601074219,True,2.42637634277344
529,186.1252129,True,-46.63330078125,-79.2959213256836,594.103210449219,True,11.7131958007813,-79.4631500244141,588.749633789063,True,-56.7683792114258,173.676162719727,40.3331451416016,True,0.397158741950989,0.42996147274971,True,-59.3433532714844,179.468322753906,42.4412803649902,True,0.392493903636932,0.410110056400299,True,2.61285400390625,True,2.43232727050781
530,186.126879566667,True,-46.634033203125,-79.293098449707,594.107177734375,True,11.711594581604,-79.4610137939453,588.778076171875,True,-55.7844123840332,173.879455566406,40.4071502685547,True,0.398941278457642,0.429264813661575,True,-59.9518508911133,177.621643066406,41.7691650390625,True,0.391391575336456,0.416439086198807,True,2.62301635742188,True,2.43374633789063
531,186.128546233333,True,-46.6325454711914,-79.2922515869141,594.088256835938,True,11.7158126831055,-79.4638366699219,588.795166015625,True,-55.713996887207,173.850372314453,40.3965263366699,True,0.399068832397461,0.42936447262764,True,-58.2003707885742,177.499267578125,41.7246208190918,True,0.394564568996429,0.416858553886414,True,2.6251220703125,True,2.43437194824219
532,186.1302129,True,-46.6324081420898,-79.2914581298828,594.109924316406,True,11.721586227417,-79.4594192504883,588.743286132813,True,-55.0809326171875,173.164306640625,40.1468162536621,True,0.400215744972229,0.431715846061707,True,-60.3124046325684,179.97900390625,42.6272125244141,True,0.390738427639008,0.408359706401825,True,2.61317443847656,True,2.41862487792969
533,186.131879566667,True,-46.6282196044922,-79.2899627685547,594.091064453125,True,11.7221565246582,-79.4590072631836,588.763671875,True,-56.0355682373047,172.632583618164,39.9533081054688,True,0.398486316204071,0.433538198471069,True,-57.9061431884766,181.489974975586,43.1771697998047,True,0.395097613334656,0.403181165456772,True,2.61985778808594,True,2.41606140136719
534,186.133546233333,True,-46.6268844604492,-79.2870407104492,594.091369628906,True,11.7230176925659,-79.4567108154297,588.774536132813,True,-55.4515228271484,173.003723144531,40.0884017944336,True,0.399544358253479,0.432266116142273,True,-59.5956115722656,180.644073486328,42.869270324707,True,0.392036944627762,0.406080305576324,True,2.62109375,True,2.43113708496094
535,186.1352129,True,-46.6250114440918,-79.2849884033203,594.081115722656,True,11.7263202667236,-79.4553833007813,588.753051757813,True,-55.7213363647461,172.388214111328,39.8643913269043,True,0.399055600166321,0.434375613927841,True,-59.6367416381836,179.263336181641,42.3667030334473,True,0.39196240901947,0.410812526941299,True,2.62828063964844,True,2.42684936523438
536,186.136879566667,True,-46.6257705688477,-79.2839126586914,594.095153808594,True,11.7303867340088,-79.4560623168945,588.734497070313,True,-56.6327209472656,172.845565795898,40.0308532714844,True,0.397404551506042,0.43280816078186,True,-60.3941116333008,180.9375,42.9760856628418,True,0.390590399503708,0.405074685811996,True,2.61831665039063,True,2.43138122558594
537,186.138546233333,True,-46.6235885620117,-79.2826690673828,594.098754882813,True,11.731050491333,-79.4545974731445,588.752807617188,True,-56.108154296875,173.22038269043,40.1672439575195,True,0.398354828357697,0.431523621082306,True,-60.2264633178711,180.598236083984,42.8526077270508,True,0.390894114971161,0.406237363815308,True,2.62335205078125,True,2.42695617675781
538,186.1402129,True,-46.6190643310547,-79.2764053344727,594.052124023438,True,11.7316417694092,-79.4552459716797,588.762878417969,True,-56.872127532959,171.917724609375,39.6930999755859,True,0.39697077870369,0.435988247394562,True,-58.3888244628906,181.058471679688,43.0200805664063,True,0.394223153591156,0.404660105705261,True,2.61517333984375,True,2.42042541503906
539,186.141879566667,True,-46.6212120056152,-79.2805480957031,594.111022949219,True,11.7331504821777,-79.4501113891602,588.74853515625,True,-56.8873519897461,171.580642700195,39.5704078674316,True,0.396943241357803,0.437143504619598,True,-58.035831451416,179.122192382813,42.3153381347656,True,0.394862622022629,0.411296248435974,True,2.61819458007813,True,2.43026733398438
540,186.143546233333,True,-46.6248512268066,-79.2756805419922,594.107971191406,True,11.7389469146729,-79.4489364624023,588.744323730469,True,-56.1966133117676,173.895477294922,40.4129905700684,True,0.398194551467896,0.429209768772125,True,-60.6949310302734,177.287292480469,41.6474838256836,True,0.390045434236526,0.417585074901581,True,2.62353515625,True,2.42994689941406
541,186.1452129,True,-46.62060546875,-79.2725677490234,594.091796875,True,11.742488861084,-79.4476318359375,588.730224609375,True,-55.5305023193359,173.258392333984,40.181095123291,True,0.399401247501373,0.431393325328827,True,-61.5252075195313,180.117004394531,42.6774215698242,True,0.38854131102562,0.407886773347855,True,2.62472534179688,True,2.43202209472656
542,186.146879566667,True,-46.6227416992188,-79.2720260620117,594.113159179688,True,11.7422790527344,-79.4472351074219,588.742553710938,True,-54.242317199707,172.959106445313,40.0721321105957,True,0.401734948158264,0.432419121265411,True,-57.7646942138672,179.251571655273,42.3624534606934,True,0.395353823900223,0.410852909088135,True,2.622802734375,True,2.42585754394531
543,186.148546233333,True,-46.6199684143066,-79.2712554931641,594.101318359375,True,11.7448501586914,-79.4492568969727,588.753723144531,True,-54.5337371826172,172.425170898438,39.8777847290039,True,0.401207029819489,0.434249043464661,True,-56.9744873046875,178.894119262695,42.2323417663574,True,0.396785348653793,0.412077933549881,True,2.62345886230469,True,2.43037414550781
544,186.1502129,True,-46.6210403442383,-79.2702484130859,594.108093261719,True,11.7461681365967,-79.4427490234375,588.759094238281,True,-55.0114517211914,171.643829345703,39.5934600830078,True,0.40034157037735,0.436926960945129,True,-59.3229370117188,178.330108642578,42.0270156860352,True,0.392530918121338,0.414011061191559,True,2.62936401367188,True,2.44073486328125
545,186.151879566667,True,-46.6188125610352,-79.2688293457031,594.109558105469,True,11.754186630249,-79.442497253418,588.725830078125,True,-54.6561889648438,173.741912841797,40.3570747375488,True,0.400985181331635,0.429736137390137,True,-60.7052383422852,180.101287841797,42.6716537475586,True,0.390026777982712,0.407940745353699,True,2.62564086914063,True,2.42710876464844
546,186.153546233333,True,-46.6177520751953,-79.2686462402344,594.1103515625,True,11.7510671615601,-79.439079284668,588.760803222656,True,-56.6128845214844,172.780578613281,40.0072479248047,True,0.397440433502197,0.433030873537064,True,-58.6090850830078,181.729232788086,43.2642288208008,True,0.39382416009903,0.402361184358597,True,2.62355041503906,True,2.41349792480469
547,186.1552129,True,-46.6190185546875,-79.2632217407227,594.105224609375,True,11.7497310638428,-79.4381408691406,588.776489257813,True,-56.4178276062012,173.895477294922,40.4129333496094,True,0.397793829441071,0.429209887981415,True,-60.3530960083008,177.779632568359,41.8267059326172,True,0.39066469669342,0.415897697210312,True,2.61929321289063,True,2.44671630859375
548,186.156879566667,True,-46.616081237793,-79.266716003418,594.116088867188,True,11.7546825408936,-79.4391708374023,588.756591796875,True,-56.3034820556641,171.703262329102,39.6151123046875,True,0.398000955581665,0.436723172664642,True,-58.2621269226074,177.662857055664,41.7841682434082,True,0.394452691078186,0.416297912597656,True,2.62197875976563,True,2.44808959960938
549,186.158546233333,True,-46.6159477233887,-79.2605972290039,594.095703125,True,11.7573690414429,-79.4347839355469,588.747436523438,True,-55.0953025817871,174.578735351563,40.6616668701172,True,0.400189697742462,0.426868110895157,True,-60.0403213500977,178.509063720703,42.0922012329102,True,0.391231328248978,0.413397669792175,True,2.61248779296875,True,2.43217468261719
550,186.1602129,True,-46.6138534545898,-79.2583160400391,594.087768554688,True,11.7587261199951,-79.4302368164063,588.727905273438,True,-55.7406921386719,172.967559814453,40.0752487182617,True,0.399020493030548,0.432390034198761,True,-58.8724670410156,179.345672607422,42.3966674804688,True,0.393346965312958,0.410530388355255,True,2.62651062011719,True,2.43548583984375
551,186.161879566667,True,-46.6139526367188,-79.2599258422852,594.095458984375,True,11.7566394805908,-79.4300994873047,588.767028808594,True,-55.3394470214844,172.587707519531,39.9369430541992,True,0.399747371673584,0.433692008256912,True,-60.0251159667969,179.559494018555,42.4744873046875,True,0.391258835792542,0.409797579050064,True,2.63258361816406,True,2.43121337890625
552,186.163546233333,True,-46.6125411987305,-79.2582931518555,594.098754882813,True,11.7640075683594,-79.4304504394531,588.764892578125,True,-55.2487907409668,172.502624511719,39.9059753417969,True,0.399911612272263,0.433983653783798,True,-59.3326301574707,178.850921630859,42.2166290283203,True,0.392513334751129,0.412225902080536,True,2.62483215332031,True,2.42538452148438
553,186.1652129,True,-46.6131591796875,-79.2560501098633,594.099670410156,True,11.7630548477173,-79.4232177734375,588.721801757813,True,-55.5375213623047,173.051727294922,40.1059112548828,True,0.399388551712036,0.432101607322693,True,-58.3431015014648,180.993194580078,42.9963455200195,True,0.394305944442749,0.404883742332458,True,2.62538146972656,True,2.41998291015625
554,186.166879566667,True,-46.6133728027344,-79.253776550293,594.112426757813,True,11.7670450210571,-79.4267501831055,588.749877929688,True,-55.8147354125977,172.400360107422,39.8688011169434,True,0.398886322975159,0.434333980083466,True,-58.2403793334961,176.624450683594,41.4062309265137,True,0.39449205994606,0.419856786727905,True,2.62969970703125,True,2.43063354492188
555,186.168546233333,True,-46.6093597412109,-79.2518310546875,594.102294921875,True,11.7698020935059,-79.4216156005859,588.720886230469,True,-54.3617935180664,173.731475830078,40.3533020019531,True,0.40151846408844,0.429771900177002,True,-58.5715103149414,182.979553222656,43.7192840576172,True,0.393892228603363,0.398075997829437,True,2.62954711914063,True,2.43226623535156
556,186.1702129,True,-46.607177734375,-79.253791809082,594.104736328125,True,11.7676630020142,-79.4207153320313,588.76708984375,True,-55.7363510131836,171.79801940918,39.6495056152344,True,0.399028360843658,0.436398506164551,True,-58.6088218688965,181.302749633789,43.1090087890625,True,0.393824636936188,0.403822839260101,True,2.63664245605469,True,2.41897583007813
557,186.171879566667,True,-46.6079902648926,-79.2483215332031,594.088256835938,True,11.7745914459229,-79.4187469482422,588.723083496094,True,-54.5434417724609,173.251617431641,40.1786117553711,True,0.401189416646957,0.431416571140289,True,-57.7959403991699,181.476257324219,43.1721496582031,True,0.395297229290009,0.403228163719177,True,2.63957214355469,True,2.42451477050781
558,186.173546233333,True,-46.6096420288086,-79.2485580444336,594.107299804688,True,11.7711267471313,-79.4173126220703,588.739868164063,True,-55.2759094238281,172.945922851563,40.0674133300781,True,0.399862468242645,0.432464182376862,True,-59.1504898071289,180.232604980469,42.7194671630859,True,0.392843335866928,0.407490640878677,True,2.63088989257813,True,2.44132995605469
559,186.1752129,True,-46.6101379394531,-79.2477416992188,594.116577148438,True,11.7797088623047,-79.4198226928711,588.74267578125,True,-52.7886123657227,174.249465942383,40.5418395996094,True,0.404368460178375,0.427996575832367,True,-61.1168441772461,180.470428466797,42.8060531616211,True,0.389281094074249,0.406675517559052,True,2.6148681640625,True,2.43540954589844
560,186.176879566667,True,-46.6054534912109,-79.2426681518555,594.093872070313,True,11.7791585922241,-79.4194488525391,588.748901367188,True,-55.0873947143555,175.606811523438,41.0358772277832,True,0.400204002857208,0.423344552516937,True,-58.6824073791504,180.301696777344,42.7446022033691,True,0.393691301345825,0.407253831624985,True,2.61680603027344,True,2.43167114257813
561,186.178546233333,True,-46.6080360412598,-79.2391967773438,594.104858398438,True,11.7755870819092,-79.4160614013672,588.767700195313,True,-55.4101943969727,175.082305908203,40.8449172973633,True,0.399619221687317,0.425142228603363,True,-60.0150947570801,177.143829345703,41.5952796936035,True,0.391277015209198,0.418076694011688,True,2.60237121582031,True,2.44288635253906
562,186.1802129,True,-46.6032485961914,-79.239860534668,594.0869140625,True,11.7802438735962,-79.4124221801758,588.735595703125,True,-55.0166091918945,175.081512451172,40.8446731567383,True,0.40033221244812,0.425144851207733,True,-59.2662200927734,181.085388183594,43.0298919677734,True,0.392633676528931,0.404567837715149,True,2.61904907226563,True,2.43888854980469
563,186.181879566667,True,-46.5994987487793,-79.2385101318359,594.07275390625,True,11.7781429290771,-79.4095306396484,588.786376953125,True,-55.512580871582,174.03010559082,40.4619522094727,True,0.399433732032776,0.428748488426208,True,-58.5023956298828,183.335266113281,43.8487930297852,True,0.394017457962036,0.396856784820557,True,2.63020324707031,True,2.42115783691406
564,186.183546233333,True,-46.6021842956543,-79.2366180419922,594.084838867188,True,11.781229019165,-79.4111633300781,588.761352539063,True,-55.2909317016602,175.104461669922,40.8530120849609,True,0.399835288524628,0.425066292285919,True,-59.0842437744141,181.103744506836,43.0365715026855,True,0.392963349819183,0.404504895210266,True,2.61149597167969,True,2.42593383789063
565,186.1852129,True,-46.5999374389648,-79.2364807128906,594.089294433594,True,11.7848320007324,-79.4104461669922,588.747436523438,True,-56.0466537475586,172.913101196289,40.0554237365723,True,0.398466199636459,0.432576715946198,True,-59.5957221984863,182.218933105469,43.4424285888672,True,0.392036736011505,0.400682836771011,True,2.62936401367188,True,2.42791748046875
566,186.186879566667,True,-46.6013450622559,-79.2367553710938,594.099487304688,True,11.7865180969238,-79.4110412597656,588.772216796875,True,-54.8502426147461,172.657699584961,39.9624557495117,True,0.400633633136749,0.433452129364014,True,-59.4404754638672,180.611663818359,42.8574523925781,True,0.392317980527878,0.406191408634186,True,2.62757873535156,True,2.4442138671875
567,186.188546233333,True,-46.6057395935059,-79.2369384765625,594.159057617188,True,11.7867994308472,-79.4119338989258,588.785034179688,True,-55.3186683654785,173.714141845703,40.3469581604004,True,0.39978501200676,0.429831355810165,True,-58.8377838134766,179.157684326172,42.3282470703125,True,0.393409818410873,0.411174684762955,True,2.62052917480469,True,2.43949890136719
568,186.1902129,True,-46.599925994873,-79.231330871582,594.083374023438,True,11.7881984710693,-79.408447265625,588.770874023438,True,-54.881664276123,172.358673095703,39.8536338806152,True,0.400576680898666,0.434476912021637,True,-57.9650497436523,178.910034179688,42.2381134033203,True,0.394990831613541,0.412023365497589,True,2.6380615234375,True,2.44415283203125
569,186.191879566667,True,-46.5995101928711,-79.2304382324219,594.084716796875,True,11.7880725860596,-79.4048461914063,588.785766601563,True,-54.9363632202148,175.977569580078,41.1707916259766,True,0.40047761797905,0.422073870897293,True,-59.7076416015625,179.554824829102,42.4728164672852,True,0.391834020614624,0.409813523292542,True,2.61688232421875,True,2.45016479492188
570,186.193546233333,True,-46.6003265380859,-79.2278137207031,594.119140625,True,11.7903270721436,-79.4051513671875,588.772705078125,True,-55.218132019043,175.183303833008,40.8817176818848,True,0.399967163801193,0.424796044826508,True,-59.895622253418,180.581695556641,42.8465805053711,True,0.391493439674377,0.406294137239456,True,2.61215209960938,True,2.43901062011719
571,186.1952129,True,-46.5992317199707,-79.2309188842773,594.141845703125,True,11.791805267334,-79.4029541015625,588.781616210938,True,-56.534294128418,172.124420166016,39.7683486938477,True,0.397582799196243,0.435279786586761,True,-59.3996315002441,180.462219238281,42.8030624389648,True,0.392391979694366,0.406703650951385,True,2.63180541992188,True,2.4273681640625
572,186.196879566667,True,-46.5976409912109,-79.2279052734375,594.133117675781,True,11.7897911071777,-79.3978271484375,588.788696289063,True,-56.1134033203125,174.54948425293,40.6510009765625,True,0.398345291614532,0.426968395709991,True,-59.0101127624512,176.941818237305,41.5217094421387,True,0.393097639083862,0.418769121170044,True,2.6201171875,True,2.45108032226563
573,186.198546233333,True,-46.5997848510742,-79.224853515625,594.12841796875,True,11.7972145080566,-79.4037246704102,588.775512695313,True,-56.0387840270996,175.701995849609,41.0704650878906,True,0.398480474948883,0.423018366098404,True,-60.4163360595703,179.126663208008,42.3169822692871,True,0.390550076961517,0.411280959844589,True,2.62174987792969,True,2.44570922851563
574,186.2002129,True,-46.5960006713867,-79.2209854125977,594.072021484375,True,11.7978429794312,-79.4008178710938,588.773620605469,True,-54.3257369995117,174.238555908203,40.5378189086914,True,0.401583850383759,0.428034007549286,True,-60.237419128418,179.986083984375,42.6297950744629,True,0.390874266624451,0.408335447311401,True,2.63655090332031,True,2.45391845703125
575,186.201879566667,True,-46.5945816040039,-79.2219696044922,594.070617675781,True,11.7984180450439,-79.3986053466797,588.7705078125,True,-54.5344657897949,173.850448608398,40.3966293334961,True,0.401205718517303,0.429364085197449,True,-61.5952033996582,178.106262207031,41.9455261230469,True,0.38841450214386,0.414778232574463,True,2.63874816894531,True,2.45231628417969
576,186.203546233333,True,-46.594123840332,-79.2204360961914,594.0693359375,True,11.8012409210205,-79.3996276855469,588.767944335938,True,-54.5061111450195,174.726043701172,40.7152824401855,True,0.401257067918777,0.426363229751587,True,-59.0600776672363,180.340682983398,42.7588348388672,True,0.393007159233093,0.407120138406754,True,2.62692260742188,True,2.44560241699219
577,186.2052129,True,-46.5954933166504,-79.2174835205078,594.080322265625,True,11.7986392974854,-79.3921279907227,588.771728515625,True,-55.1978187561035,175.955413818359,41.162727355957,True,0.400003969669342,0.422149807214737,True,-60.593017578125,180.128570556641,42.6816558837891,True,0.390230059623718,0.407847166061401,True,2.63221740722656,True,2.43899536132813
578,186.206879566667,True,-46.5944213867188,-79.2177963256836,594.108703613281,True,11.7978744506836,-79.3927612304688,588.787353515625,True,-55.1752052307129,174.501190185547,40.6333999633789,True,0.400044918060303,0.427133917808533,True,-58.9563446044922,177.008651733398,41.5460815429688,True,0.393195033073425,0.41854003071785,True,2.63540649414063,True,2.45411682128906
579,186.208546233333,True,-46.5963668823242,-79.2136306762695,594.067504882813,True,11.7980041503906,-79.3891754150391,588.760864257813,True,-53.6430587768555,174.086044311523,40.4823265075684,True,0.402820527553558,0.428556740283966,True,-59.9676513671875,179.625610351563,42.4985656738281,True,0.391362965106964,0.409570872783661,True,2.64389038085938,True,2.44114685058594
580,186.2102129,True,-46.5922927856445,-79.2143859863281,594.068176269531,True,11.8012218475342,-79.3916320800781,588.784057617188,True,-55.0302772521973,173.863174438477,40.4011840820313,True,0.400307476520538,0.42932054400444,True,-58.4695281982422,180.121246337891,42.6789512634277,True,0.394076943397522,0.407872259616852,True,2.64768981933594,True,2.45584106445313
581,186.211879566667,True,-46.5934677124023,-79.208740234375,594.068420410156,True,11.8021688461304,-79.388053894043,588.757080078125,True,-55.5279502868652,175.394897460938,40.9586982727051,True,0.399405896663666,0.42407089471817,True,-58.7004547119141,180.710815429688,42.8935241699219,True,0.393658638000488,0.405851662158966,True,2.63352966308594,True,2.46011352539063
582,186.213546233333,True,-46.5929183959961,-79.2086639404297,594.061706542969,True,11.8015022277832,-79.3868865966797,588.789428710938,True,-55.3452453613281,173.460540771484,40.2546539306641,True,0.399736881256104,0.43070051074028,True,-58.3404159545898,179.798934936523,42.5616455078125,True,0.394310832023621,0.408976882696152,True,2.64433288574219,True,2.44990539550781
583,186.2152129,True,-46.5910835266113,-79.2104644775391,594.056579589844,True,11.8043651580811,-79.3868255615234,588.757385253906,True,-54.256534576416,173.467498779297,40.2572174072266,True,0.401709198951721,0.430676639080048,True,-59.856575012207,179.841461181641,42.5771102905273,True,0.391564190387726,0.408831179141998,True,2.63858032226563,True,2.4649658203125
584,186.216879566667,True,-46.590747833252,-79.2073745727539,594.051696777344,True,11.8013935089111,-79.3831405639648,588.765747070313,True,-54.8015441894531,175.416244506836,40.9664840698242,True,0.400721848011017,0.423997759819031,True,-58.9478378295898,180.703399658203,42.8908576965332,True,0.3932104408741,0.405876964330673,True,2.63752746582031,True,2.4525146484375
585,186.218546233333,True,-46.5903205871582,-79.2052536010742,594.038696289063,True,11.8063049316406,-79.3850936889648,588.76513671875,True,-55.244140625,174.669616699219,40.6947555541992,True,0.399920046329498,0.426556587219238,True,-59.5243721008301,179.948944091797,42.6162338256836,True,0.392166018486023,0.408462762832642,True,2.64117431640625,True,2.43601989746094
586,186.2202129,True,-46.5930557250977,-79.2052917480469,594.070434570313,True,11.8085289001465,-79.3844146728516,588.755249023438,True,-56.0778884887695,175.199401855469,40.887565612793,True,0.398409634828568,0.42474091053009,True,-59.2955322265625,179.818542480469,42.5687713623047,True,0.392580568790436,0.408909678459167,True,2.6448974609375,True,2.45211791992188
587,186.221879566667,True,-46.5878791809082,-79.2014999389648,594.02587890625,True,11.807279586792,-79.3797149658203,588.753234863281,True,-56.0533294677734,174.48616027832,40.6279640197754,True,0.398454129695892,0.427185356616974,True,-58.8165626525879,179.687515258789,42.5211334228516,True,0.393448293209076,0.409358739852905,True,2.63630676269531,True,2.45741271972656
588,186.223546233333,True,-46.5908889770508,-79.2001724243164,594.048400878906,True,11.8073167800903,-79.3839569091797,588.745239257813,True,-54.7285499572754,174.777435302734,40.7339820861816,True,0.400854110717773,0.426187098026276,True,-57.7395324707031,178.190048217773,41.9760513305664,True,0.395399391651154,0.41449111700058,True,2.64820861816406,True,2.45010375976563
589,186.2252129,True,-46.5926895141602,-79.2021942138672,594.056335449219,True,11.8090534210205,-79.3778839111328,588.721984863281,True,-54.4348449707031,174.109817504883,40.4910087585449,True,0.401386201381683,0.428475171327591,True,-60.2157020568848,180.423690795898,42.7890319824219,True,0.390913605690002,0.406835675239563,True,2.6387939453125,True,2.45748901367188
590,186.226879566667,True,-46.5928115844727,-79.1996307373047,594.045043945313,True,11.8081102371216,-79.3772888183594,588.768859863281,True,-54.527214050293,174.055541992188,40.4712600708008,True,0.401218831539154,0.428661197423935,True,-60.2092132568359,178.404174804688,42.0540237426758,True,0.390925347805023,0.413757145404816,True,2.64649963378906,True,2.44186401367188
591,186.228546233333,True,-46.5956344604492,-79.1991195678711,594.053100585938,True,11.811351776123,-79.3834991455078,588.753356933594,True,-54.7594451904297,173.783813476563,40.3723297119141,True,0.400798112154007,0.429592549800873,True,-59.8783798217773,179.632659912109,42.5011444091797,True,0.39152467250824,0.409546732902527,True,2.64265441894531,True,2.45059204101563
592,186.2302129,True,-46.5999450683594,-79.1989517211914,594.037048339844,True,11.801570892334,-79.3780517578125,588.741943359375,True,-55.1190567016602,175.26318359375,40.9107475280762,True,0.400146633386612,0.424522280693054,True,-61.2899398803711,177.806030273438,41.8363075256348,True,0.388967514038086,0.41580718755722,True,2.63896179199219,True,2.46440124511719
593,186.231879566667,True,-46.6149291992188,-79.2032623291016,594.081604003906,True,11.7890405654907,-79.3818817138672,588.742736816406,True,-54.8382263183594,174.25439453125,40.5436096191406,True,0.400655418634415,0.427979677915573,True,-59.7869606018066,180.698120117188,42.8889236450195,True,0.391690313816071,0.40589514374733,True,2.63601684570313,True,2.4456787109375
594,186.233546233333,True,-46.6240768432617,-79.2064437866211,594.082397460938,True,11.769718170166,-79.3762512207031,588.687133789063,True,-57.9052124023438,174.393081665039,40.5940780639648,True,0.395099282264709,0.427504360675812,True,-61.28076171875,177.852966308594,41.8533935546875,True,0.388984113931656,0.415646284818649,True,2.63543701171875,True,2.46522521972656
595,186.2352129,True,-46.6380043029785,-79.2109985351563,594.109619140625,True,11.7454452514648,-79.3817291259766,588.755737304688,True,-59.508674621582,175.037399291992,40.8285865783691,True,0.392194449901581,0.425296127796173,True,-66.0182266235352,178.012573242188,41.9114685058594,True,0.380401730537415,0.415099292993546,True,2.65052795410156,True,2.47331237792969
596,186.236879566667,True,-46.6559677124023,-79.2190170288086,594.145202636719,True,11.7179746627808,-79.3841552734375,588.780883789063,True,-64.4919815063477,174.23193359375,40.5354309082031,True,0.383166700601578,0.428056657314301,True,-69.6895751953125,178.868957519531,42.2231674194336,True,0.373750746250153,0.412164151668549,True,2.65681457519531,True,2.46382141113281
597,186.238546233333,True,-46.6781616210938,-79.2182006835938,594.112365722656,True,11.6880874633789,-79.3826904296875,588.734497070313,True,-70.0193328857422,171.7568359375,39.6345443725586,True,0.373153388500214,0.436539679765701,True,-76.5073547363281,183.731246948242,43.9928970336914,True,0.361399710178375,0.395499676465988,True,2.646240234375,True,2.43661499023438
598,186.2402129,True,-46.703254699707,-79.2143478393555,594.117126464844,True,11.6453189849854,-79.3771591186523,588.69921875,True,-74.3727569580078,174.039306640625,40.4653244018555,True,0.365266770124435,0.428716838359833,True,-85.4418182373047,183.042602539063,43.742244720459,True,0.34521409869194,0.397859811782837,True,2.64312744140625,True,2.45799255371094
599,186.241879566667,True,-46.7284469604492,-79.2129592895508,594.105163574219,True,11.6022319793701,-79.3805770874023,588.765441894531,True,-79.6912536621094,175.075897216797,40.8425903320313,True,0.355631768703461,0.425164222717285,True,-91.2698364257813,182.597991943359,43.580394744873,True,0.334656119346619,0.399383664131165,True,2.65049743652344,True,2.45645141601563
600,186.243546233333,True,-46.7563781738281,-79.2200622558594,594.158996582031,True,11.5673789978027,-79.3802185058594,588.751342773438,True,-85.5659790039063,175.426574707031,40.9702072143555,True,0.344989150762558,0.423962354660034,True,-95.3952331542969,186.981475830078,45.1758804321289,True,0.327182561159134,0.384360164403915,True,2.65701293945313,True,2.43655395507813
601,186.2452129,True,-46.7852172851563,-79.2197952270508,594.192077636719,True,11.527720451355,-79.3778839111328,588.681030273438,True,-92.4458389282227,176.380950927734,41.3176155090332,True,0.332525670528412,0.420691341161728,True,-102.495956420898,183.842391967773,44.0333786010742,True,0.314318925142288,0.395118713378906,True,2.66459655761719,True,2.44963073730469
602,186.246879566667,True,-46.8157653808594,-79.2162857055664,594.168640136719,True,11.4847297668457,-79.3809204101563,588.779418945313,True,-96.1739196777344,179.527053833008,42.4626846313477,True,0.325771868228912,0.409908711910248,True,-108.677093505859,186.94987487793,45.1644020080566,True,0.303121209144592,0.38446843624115,True,2.65330505371094,True,2.45298767089844
603,186.248546233333,True,-46.846321105957,-79.2136611938477,594.198852539063,True,11.4458074569702,-79.371940612793,588.753723144531,True,-101.955543518066,177.535781860352,41.7379417419434,True,0.315297901630402,0.416733413934708,True,-110.224586486816,193.175994873047,47.4305419921875,True,0.300317794084549,0.363129645586014,True,2.64910888671875,True,2.4210205078125
604,186.2502129,True,-46.8720817565918,-79.2124176025391,594.177978515625,True,11.4126920700073,-79.3663558959961,588.696228027344,True,-105.595108032227,180.369049072266,42.7691650390625,True,0.308704495429993,0.40702298283577,True,-118.193031311035,195.235076904297,48.1798858642578,True,0.285882174968719,0.356072545051575,True,2.64607238769531,True,2.4300537109375
605,186.251879566667,True,-46.9035453796387,-79.2161865234375,594.268981933594,True,11.382435798645,-79.36474609375,588.697448730469,True,-110.395858764648,180.442230224609,42.7958030700684,True,0.300007492303848,0.406772136688232,True,-120.747032165527,191.109237670898,46.6782760620117,True,0.281255394220352,0.370213031768799,True,2.64451599121094,True,2.43415832519531
606,186.253546233333,True,-46.9314041137695,-79.2157135009766,594.308959960938,True,11.3531284332275,-79.3643341064453,588.767578125,True,-113.779571533203,181.526672363281,43.1905250549316,True,0.293877601623535,0.403055369853973,True,-124.624145507813,194.250335693359,47.8215255737305,True,0.27423158288002,0.359447538852692,True,2.63877868652344,True,2.42877197265625
607,186.2552129,True,-46.9480514526367,-79.2052001953125,594.232299804688,True,11.3263320922852,-79.3576202392578,588.75830078125,True,-118.409439086914,183.231567382813,43.8111038208008,True,0.285490214824677,0.397212088108063,True,-125.22883605957,193.88932800293,47.6901435852051,True,0.273136168718338,0.360684812068939,True,2.62690734863281,True,2.41999816894531
608,186.256879566667,True,-46.974479675293,-79.2020263671875,594.255615234375,True,11.3074817657471,-79.3466720581055,588.71728515625,True,-120.071823120117,180.111663818359,42.6754455566406,True,0.28247857093811,0.407905101776123,True,-128.727386474609,193.524963378906,47.5575103759766,True,0.266798257827759,0.361933708190918,True,2.63670349121094,True,2.42970275878906
609,186.258546233333,True,-46.9909706115723,-79.1967620849609,594.193359375,True,11.2934951782227,-79.3410797119141,588.699401855469,True,-122.445678710938,183.016937255859,43.7329330444336,True,0.278178125619888,0.397947818040848,True,-132.059692382813,196.693283081055,48.7107048034668,True,0.260761439800262,0.351074814796448,True,2.64955139160156,True,2.4468994140625
610,186.2602129,True,-47.0079498291016,-79.1961364746094,594.225463867188,True,11.2758665084839,-79.3284606933594,588.679992675781,True,-125.050308227539,181.688842773438,43.2495384216309,True,0.273459613323212,0.402499616146088,True,-133.284530639648,194.27912902832,47.8320350646973,True,0.258542478084564,0.359348833560944,True,2.64511108398438,True,2.44036865234375
611,186.261879566667,True,-47.0195770263672,-79.1954803466797,594.246337890625,True,11.2686862945557,-79.3209838867188,588.668334960938,True,-126.027923583984,181.561218261719,43.2030563354492,True,0.271688580513,0.402937084436417,True,-132.350845336914,195.302536010742,48.2045135498047,True,0.260233968496323,0.355841308832169,True,2.64620971679688,True,2.42257690429688
612,186.263546233333,True,-47.0287017822266,-79.1923217773438,594.253662109375,True,11.2632188796997,-79.3142929077148,588.6708984375,True,-128.339462280273,182.361587524414,43.4944076538086,True,0.267500996589661,0.400193899869919,True,-132.523712158203,195.649978637695,48.3309936523438,True,0.259920835494995,0.354650557041168,True,2.64126586914063,True,2.45545959472656
613,186.2652129,True,-47.037223815918,-79.1936264038086,594.28173828125,True,11.2661600112915,-79.3111114501953,588.653686523438,True,-128.591003417969,184.502838134766,44.2737503051758,True,0.267045259475708,0.392855107784271,True,-131.767776489258,198.114318847656,49.2278900146484,True,0.26129025220871,0.346204489469528,True,2.65057373046875,True,2.43580627441406
614,186.266879566667,True,-47.0453033447266,-79.1917266845703,594.306823730469,True,11.2686576843262,-79.3083190917969,588.634704589844,True,-128.007080078125,182.800735473633,43.6542434692383,True,0.268103122711182,0.398688733577728,True,-131.114013671875,196.153747558594,48.5143280029297,True,0.262474626302719,0.352923929691315,True,2.64448547363281,True,2.43905639648438
615,186.268546233333,True,-47.0472564697266,-79.1945953369141,594.309509277344,True,11.2731266021729,-79.3058013916016,588.643127441406,True,-128.030975341797,181.868560791016,43.3149566650391,True,0.268059819936752,0.401883602142334,True,-132.250411987305,197.075714111328,48.8498992919922,True,0.260415881872177,0.349764078855515,True,2.657470703125,True,2.45303344726563
616,186.2702129,True,-47.0494003295898,-79.1910247802734,594.290405273438,True,11.2768268585205,-79.301872253418,588.608764648438,True,-127.997650146484,181.901519775391,43.3269271850586,True,0.268120229244232,0.401770740747452,True,-130.806671142578,198.72395324707,49.4498291015625,True,0.263031393289566,0.344115078449249,True,2.65167236328125,True,2.42657470703125
617,186.271879566667,True,-47.0455627441406,-79.187858581543,594.259033203125,True,11.282543182373,-79.304817199707,588.63232421875,True,-127.794403076172,182.340835571289,43.4868278503418,True,0.26848840713501,0.400265038013458,True,-131.062622070313,195.012054443359,48.0987548828125,True,0.262567698955536,0.356836974620819,True,2.65097045898438,True,2.45387268066406
618,186.273546233333,True,-47.0473403930664,-79.1864776611328,594.262878417969,True,11.2839393615723,-79.299430847168,588.63623046875,True,-128.160583496094,182.781234741211,43.6470909118652,True,0.26782500743866,0.398755669593811,True,-129.813720703125,193.386108398438,47.5070190429688,True,0.264830201864243,0.36240941286087,True,2.63748168945313,True,2.44186401367188
619,186.2752129,True,-47.0468292236328,-79.1870498657227,594.254638671875,True,11.2886333465576,-79.2992477416992,588.607299804688,True,-127.340858459473,183.530242919922,43.9197273254395,True,0.269310027360916,0.396188616752625,True,-133.620452880859,198.094604492188,49.2207260131836,True,0.257933974266052,0.346272081136703,True,2.65382385253906,True,2.43455505371094
620,186.276879566667,True,-47.0465888977051,-79.1823654174805,594.193420410156,True,11.2919425964355,-79.2991180419922,588.621520996094,True,-127.67854309082,181.402755737305,43.1454277038574,True,0.268698304891586,0.403480112552643,True,-133.486740112305,199.395172119141,49.6941299438477,True,0.258176207542419,0.341814637184143,True,2.66001892089844,True,2.42953491210938
621,186.278546233333,True,-47.0470352172852,-79.1764602661133,594.171752929688,True,11.2943382263184,-79.2983245849609,588.584045410156,True,-128.353759765625,182.457336425781,43.5292205810547,True,0.267475098371506,0.399865716695786,True,-132.940368652344,194.449035644531,47.8938140869141,True,0.259165972471237,0.358766615390778,True,2.654052734375,True,2.44761657714844
622,186.2802129,True,-47.0486068725586,-79.1759185791016,594.180786132813,True,11.2954559326172,-79.3036041259766,588.629638671875,True,-128.22688293457,181.499145507813,43.1805038452148,True,0.267704904079437,0.403149724006653,True,-134.164154052734,198.004241943359,49.1878814697266,True,0.256948977708817,0.346581637859344,True,2.65951538085938,True,2.44102478027344
623,186.281879566667,True,-47.0485343933105,-79.1748886108398,594.165466308594,True,11.2980213165283,-79.300407409668,588.587951660156,True,-128.297897338867,182.012573242188,43.3673667907715,True,0.267576277256012,0.401390075683594,True,-134.141387939453,196.443511962891,48.6197738647461,True,0.256990253925323,0.351930975914001,True,2.66790771484375,True,2.44029235839844
624,186.283546233333,True,-47.0524482727051,-79.1762313842773,594.181762695313,True,11.2994251251221,-79.2993087768555,588.562316894531,True,-129.967651367188,182.818389892578,43.6606712341309,True,0.264551341533661,0.398628264665604,True,-134.317504882813,199.041473388672,49.5653800964355,True,0.256671190261841,0.34302681684494,True,2.66339111328125,True,2.43276977539063
625,186.2852129,True,-47.0526275634766,-79.1762084960938,594.162719726563,True,11.3015565872192,-79.3019180297852,588.561889648438,True,-127.499237060547,182.07991027832,43.3918685913086,True,0.26902312040329,0.401159286499023,True,-135.088241577148,193.986022949219,47.7253341674805,True,0.255274921655655,0.360353410243988,True,2.66409301757813,True,2.45953369140625
626,186.286879566667,True,-47.0517158508301,-79.1726379394531,594.146911621094,True,11.2964935302734,-79.3013916015625,588.584411621094,True,-127.40486907959,182.944412231445,43.7065277099609,True,0.269194096326828,0.398196369409561,True,-131.94970703125,195.026275634766,48.1039428710938,True,0.260960727930069,0.35678818821907,True,2.66346740722656,True,2.44024658203125
627,186.288546233333,True,-47.050910949707,-79.1720581054688,594.131286621094,True,11.3005905151367,-79.3044738769531,588.588195800781,True,-129.364593505859,182.990417480469,43.7232666015625,True,0.265643864870071,0.39803871512413,True,-134.438385009766,197.673431396484,49.0674362182617,True,0.256452202796936,0.347715556621552,True,2.65730285644531,True,2.44140625
628,186.2902129,True,-47.0553665161133,-79.1740875244141,594.135620117188,True,11.3007574081421,-79.3026123046875,588.581787109375,True,-128.505355834961,182.536972045898,43.5581932067871,True,0.267200440168381,0.399592757225037,True,-132.014984130859,196.821807861328,48.7574996948242,True,0.26084241271019,0.350634276866913,True,2.66525268554688,True,2.43756103515625
629,186.291879566667,True,-47.0529365539551,-79.1708374023438,594.136596679688,True,11.3002109527588,-79.2990417480469,588.556579589844,True,-127.997451782227,181.841110229492,43.3049774169922,True,0.268120586872101,0.401977717876434,True,-131.932281494141,195.113265991211,48.135627746582,True,0.260992228984833,0.356490015983582,True,2.66091918945313,True,2.42727661132813
630,186.293546233333,True,-47.0577011108398,-79.1688613891602,594.13427734375,True,11.3029003143311,-79.3019714355469,588.546752929688,True,-128.648468017578,181.794097900391,43.2878494262695,True,0.26694118976593,0.402138888835907,True,-131.395462036133,196.283996582031,48.5617218017578,True,0.26196476817131,0.352477550506592,True,2.65853881835938,True,2.43844604492188
631,186.2952129,True,-47.0560035705566,-79.1678085327148,594.101806640625,True,11.3042526245117,-79.2985992431641,588.561645507813,True,-127.960922241211,182.927154541016,43.7002449035645,True,0.268186718225479,0.398255527019501,True,-133.71174621582,195.947235107422,48.4391555786133,True,0.257768541574478,0.3536317050457,True,2.66334533691406,True,2.44296264648438
632,186.296879566667,True,-47.0574569702148,-79.1666946411133,594.099182128906,True,11.3073854446411,-79.296501159668,588.523681640625,True,-127.790626525879,182.936248779297,43.7035675048828,True,0.268495231866837,0.398224323987961,True,-133.775497436523,195.726043701172,48.358642578125,True,0.257653087377548,0.354389905929565,True,2.65318298339844,True,2.44390869140625
633,186.298546233333,True,-47.0553321838379,-79.166259765625,594.084533691406,True,11.3067874908447,-79.2961883544922,588.527160644531,True,-129.212921142578,182.357299804688,43.4927711486816,True,0.265918672084808,0.400208652019501,True,-132.383605957031,193.996917724609,47.7293014526367,True,0.260174661874771,0.360316157341003,True,2.65681457519531,True,2.45674133300781
634,186.3002129,True,-47.0591812133789,-79.1674575805664,594.096252441406,True,11.3103303909302,-79.2938079833984,588.517578125,True,-127.793395996094,182.053680419922,43.3823165893555,True,0.268490254878998,0.401249170303345,True,-133.876708984375,195.062408447266,48.1171188354492,True,0.257469773292542,0.356664329767227,True,2.66084289550781,True,2.44389343261719
635,186.301879566667,True,-47.0567245483398,-79.1623382568359,594.066589355469,True,11.3126602172852,-79.2950286865234,588.52392578125,True,-128.386322021484,183.760864257813,44.0036659240723,True,0.267416059970856,0.395398139953613,True,-132.536254882813,193.233489990234,47.4514007568359,True,0.259898096323013,0.362932592630386,True,2.65339660644531,True,2.45309448242188
636,186.303546233333,True,-47.0568008422852,-79.1682434082031,594.07666015625,True,11.3078832626343,-79.2911376953125,588.5126953125,True,-129.097198486328,182.524566650391,43.5536727905273,True,0.266128271818161,0.399635374546051,True,-131.396942138672,196.057800292969,48.4793663024902,True,0.261962056159973,0.35325288772583,True,2.66281127929688,True,2.438232421875
637,186.3052129,True,-47.0619277954102,-79.1640472412109,594.063598632813,True,11.3100070953369,-79.2930145263672,588.528747558594,True,-126.532211303711,183.147003173828,43.7802963256836,True,0.270774990320206,0.397501945495605,True,-133.705917358398,196.709091186523,48.7164688110352,True,0.257779121398926,0.351020574569702,True,2.64947509765625,True,2.4501953125
638,186.306879566667,True,-47.0620880126953,-79.1670989990234,594.069946289063,True,11.3133783340454,-79.2926025390625,588.503234863281,True,-128.503601074219,181.165588378906,43.0590896606445,True,0.267203629016876,0.40429300069809,True,-132.00178527832,196.136535644531,48.5080490112305,True,0.260866343975067,0.352982938289642,True,2.67073059082031,True,2.43797302246094
639,186.308546233333,True,-47.060619354248,-79.1621246337891,594.03759765625,True,11.3140754699707,-79.2908096313477,588.499755859375,True,-127.488067626953,181.281280517578,43.1012268066406,True,0.269043356180191,0.403896391391754,True,-133.470031738281,197.34211730957,48.946834564209,True,0.258206486701965,0.348851144313812,True,2.66569519042969,True,2.44277954101563
640,186.3102129,True,-47.0621490478516,-79.1622848510742,594.040649414063,True,11.3153190612793,-79.2909240722656,588.505615234375,True,-126.98583984375,181.811706542969,43.2942657470703,True,0.269953191280365,0.40207850933075,True,-132.320114135742,194.069763183594,47.7558288574219,True,0.260289639234543,0.360066413879395,True,2.65419006347656,True,2.43719482421875
641,186.311879566667,True,-47.0637664794922,-79.1602783203125,594.039428710938,True,11.3168277740479,-79.292350769043,588.5107421875,True,-128.615539550781,182.524993896484,43.5538749694824,True,0.26700085401535,0.399633884429932,True,-131.643981933594,196.979370117188,48.814811706543,True,0.261514544487,0.350094377994537,True,2.64921569824219,True,2.43588256835938
642,186.313546233333,True,-47.0630950927734,-79.1592330932617,594.003295898438,True,11.3134460449219,-79.2906036376953,588.5009765625,True,-126.767181396484,181.835647583008,43.3029899597168,True,0.27034929394722,0.401996433734894,True,-132.608062744141,195.102630615234,48.131778717041,True,0.259768009185791,0.356526494026184,True,2.65583801269531,True,2.4375
643,186.3152129,True,-47.0625839233398,-79.1566009521484,593.982788085938,True,11.3162727355957,-79.2947540283203,588.505187988281,True,-128.250869750977,182.53254699707,43.5566329956055,True,0.267661482095718,0.399607986211777,True,-133.011840820313,195.049499511719,48.1124153137207,True,0.25903657078743,0.356708586215973,True,2.66181945800781,True,2.45591735839844
644,186.316879566667,True,-47.0685119628906,-79.1582717895508,594.0146484375,True,11.3153324127197,-79.2898864746094,588.506225585938,True,-128.12712097168,182.242919921875,43.4511566162109,True,0.267885684967041,0.400600612163544,True,-133.998901367188,195.664947509766,48.3363990783691,True,0.257248342037201,0.354599237442017,True,2.66131591796875,True,2.44898986816406
645,186.318546233333,True,-47.0662994384766,-79.1605758666992,594.011962890625,True,11.3166360855103,-79.2905349731445,588.484924316406,True,-127.83967590332,180.980682373047,42.9918060302734,True,0.268406391143799,0.404926657676697,True,-131.499877929688,196.29345703125,48.5651664733887,True,0.261775612831116,0.352445214986801,True,2.66032409667969,True,2.43240356445313
646,186.3202129,True,-47.0681076049805,-79.1579666137695,593.991943359375,True,11.3146553039551,-79.2887573242188,588.468139648438,True,-127.974250793457,182.249420166016,43.4535484313965,True,0.268162608146667,0.400578379631042,True,-131.76042175293,194.435485839844,47.888916015625,True,0.261303603649139,0.358813017606735,True,2.666748046875,True,2.43537902832031
647,186.321879566667,True,-47.0673294067383,-79.1565093994141,593.979125976563,True,11.315318107605,-79.2883377075195,588.495483398438,True,-127.008865356445,182.148727416992,43.4168930053711,True,0.269911468029022,0.400923430919647,True,-132.622406005859,194.454925537109,47.8960037231445,True,0.259742021560669,0.358746349811554,True,2.66477966308594,True,2.43701171875
648,186.323546233333,True,-47.0704116821289,-79.1575241088867,593.980590820313,True,11.3206224441528,-79.2890625,588.476806640625,True,-127.13850402832,182.091674804688,43.3961410522461,True,0.269676625728607,0.401118993759155,True,-131.632598876953,194.496032714844,47.9109802246094,True,0.261535167694092,0.358605444431305,True,2.67262268066406,True,2.43742370605469
649,186.3252129,True,-47.0674819946289,-79.1604156494141,593.954345703125,True,11.3180561065674,-79.2914581298828,588.4609375,True,-127.501098632813,180.684295654297,42.8839263916016,True,0.26901975274086,0.405942410230637,True,-131.712478637695,196.194396972656,48.5291290283203,True,0.2613904774189,0.352784723043442,True,2.6651611328125,True,2.43199157714844
650,186.326879566667,True,-47.0704956054688,-79.1526947021484,593.947875976563,True,11.316764831543,-79.2891311645508,588.461364746094,True,-127.938095092773,182.835388183594,43.6668395996094,True,0.268228113651276,0.398570030927658,True,-131.880340576172,194.431396484375,47.8874130249023,True,0.261086344718933,0.358827024698257,True,2.65187072753906,True,2.44987487792969
651,186.328546233333,True,-47.0713424682617,-79.155387878418,593.941772460938,True,11.3135776519775,-79.2894439697266,588.458740234375,True,-127.509475708008,184.16764831543,44.1517333984375,True,0.269004553556442,0.394003987312317,True,-132.187225341797,195.512603759766,48.2809677124023,True,0.260530412197113,0.355121374130249,True,2.65855407714844,True,2.43479919433594
652,186.3302129,True,-47.0721740722656,-79.1519775390625,593.949584960938,True,11.3136157989502,-79.2919158935547,588.458435058594,True,-128.459869384766,182.381408691406,43.5015983581543,True,0.267282843589783,0.40012601017952,True,-129.877593994141,195.676177978516,48.340503692627,True,0.264714509248734,0.354560762643814,True,2.65432739257813,True,2.4322509765625
653,186.331879566667,True,-47.071418762207,-79.1550064086914,593.936279296875,True,11.3180541992188,-79.2908935546875,588.456970214844,True,-128.147109985352,181.660385131836,43.239185333252,True,0.267849445343018,0.402597099542618,True,-131.516235351563,195.7470703125,48.3663177490234,True,0.261745989322662,0.354317784309387,True,2.67054748535156,True,2.44181823730469
654,186.333546233333,True,-47.074390411377,-79.1537628173828,593.92919921875,True,11.3156318664551,-79.2900238037109,588.435791015625,True,-127.536727905273,182.956726074219,43.7109832763672,True,0.268955230712891,0.398154199123383,True,-130.515502929688,195.813262939453,48.3903961181641,True,0.263558894395828,0.354090929031372,True,2.67436218261719,True,2.4359130859375
655,186.3352129,True,-47.0761604309082,-79.1507110595703,593.93310546875,True,11.3155212402344,-79.2899475097656,588.465576171875,True,-127.603775024414,183.921600341797,44.0621795654297,True,0.268833726644516,0.394847273826599,True,-133.052383422852,194.916809082031,48.0641021728516,True,0.258963108062744,0.357163399457932,True,2.66183471679688,True,2.43699645996094
656,186.336879566667,True,-47.0770797729492,-79.1539306640625,593.92578125,True,11.3158569335938,-79.2887344360352,588.4345703125,True,-127.17943572998,181.47184753418,43.170581817627,True,0.269602477550507,0.403243273496628,True,-133.095672607422,196.199142456055,48.5308609008789,True,0.258884638547897,0.352768301963806,True,2.66966247558594,True,2.43954467773438
657,186.338546233333,True,-47.0778312683105,-79.152099609375,593.913208007813,True,11.3152866363525,-79.2867050170898,588.432556152344,True,-125.923042297363,182.300735473633,43.4722061157227,True,0.271878570318222,0.40040248632431,True,-130.389434814453,194.851654052734,48.0403785705566,True,0.26378720998764,0.35738667845726,True,2.65498352050781,True,2.43086242675781
658,186.3402129,True,-47.0789947509766,-79.158203125,593.919799804688,True,11.3178882598877,-79.2910614013672,588.415954589844,True,-127.565162658691,181.658905029297,43.2386131286621,True,0.26890367269516,0.402602225542068,True,-130.624649047852,193.869934082031,47.68310546875,True,0.263361155986786,0.360751241445541,True,2.67263793945313,True,2.44078063964844
659,186.341879566667,True,-47.0813980102539,-79.1556015014648,593.90966796875,True,11.3176183700562,-79.2865142822266,588.415100097656,True,-126.973762512207,183.159057617188,43.78466796875,True,0.269975066184998,0.397460728883743,True,-133.663879394531,195.775100708008,48.3764991760254,True,0.257855296134949,0.354221642017365,True,2.67095947265625,True,2.43490600585938
660,186.343546233333,True,-47.0839157104492,-79.1581039428711,593.920227050781,True,11.3144598007202,-79.2884368896484,588.413818359375,True,-125.557022094727,180.216766357422,42.7137222290039,True,0.272541612386703,0.407544791698456,True,-133.039443969727,193.763626098633,47.6443786621094,True,0.258986502885818,0.361115634441376,True,2.67082214355469,True,2.45365905761719
661,186.3452129,True,-47.0858154296875,-79.1562347412109,593.908630371094,True,11.3129119873047,-79.2891387939453,588.431213378906,True,-127.675216674805,182.378051757813,43.5003662109375,True,0.268704295158386,0.400137484073639,True,-130.153381347656,197.517669677734,49.0107192993164,True,0.264214873313904,0.348249435424805,True,2.6611328125,True,2.43582153320313
662,186.346879566667,True,-47.0855369567871,-79.1521682739258,593.875366210938,True,11.3123579025269,-79.2867584228516,588.394653320313,True,-126.929428100586,182.82275390625,43.6622581481934,True,0.270055413246155,0.398613274097443,True,-131.119598388672,196.069671630859,48.4836959838867,True,0.26246452331543,0.353212177753448,True,2.6712646484375,True,2.43719482421875
663,186.348546233333,True,-47.0907592773438,-79.1577529907227,593.911254882813,True,11.3117218017578,-79.2874145507813,588.394897460938,True,-126.976684570313,181.703063964844,43.2546920776367,True,0.269969820976257,0.402450859546661,True,-131.9326171875,194.988204956055,48.0900955200195,True,0.260991632938385,0.356918662786484,True,2.66973876953125,True,2.44331359863281
664,186.3502129,True,-47.0897483825684,-79.1570129394531,593.891235351563,True,11.3113880157471,-79.2891845703125,588.389404296875,True,-126.373901367188,181.620452880859,43.2246627807617,True,0.271061778068542,0.4027339220047,True,-131.165969848633,194.691680908203,47.9822082519531,True,0.262380480766296,0.357934921979904,True,2.67079162597656,True,2.43574523925781
665,186.351879566667,True,-47.0893363952637,-79.1573638916016,593.881652832031,True,11.3098487854004,-79.2900924682617,588.412109375,True,-127.214424133301,181.212280273438,43.0760879516602,True,0.269539088010788,0.404132902622223,True,-130.889205932617,195.455535888672,48.2602119445801,True,0.262881845235825,0.355316936969757,True,2.6768798828125,True,2.43707275390625
666,186.353546233333,True,-47.0915985107422,-79.1573333740234,593.8662109375,True,11.3075561523438,-79.2876052856445,588.406188964844,True,-126.460815429688,182.186538696289,43.4306945800781,True,0.270904332399368,0.400793850421906,True,-130.740234375,194.642837524414,47.9643745422363,True,0.26315176486969,0.358102351427078,True,2.66883850097656,True,2.4400634765625
667,186.3552129,True,-47.0927429199219,-79.1555023193359,593.871704101563,True,11.3055992126465,-79.2864532470703,588.387512207031,True,-127.149124145508,181.387786865234,43.1399383544922,True,0.269657373428345,0.403531432151794,True,-130.450469970703,194.913330078125,48.0628204345703,True,0.263676702976227,0.357175290584564,True,2.67611694335938,True,2.44166564941406
668,186.356879566667,True,-47.0947341918945,-79.1563873291016,593.871154785156,True,11.3064098358154,-79.2841644287109,588.368469238281,True,-127.867805480957,183.308044433594,43.8388862609863,True,0.268355429172516,0.396950125694275,True,-131.803314208984,194.997467041016,48.0934638977051,True,0.261225938796997,0.356886923313141,True,2.67210388183594,True,2.44581604003906
669,186.358546233333,True,-47.098560333252,-79.1569290161133,593.887084960938,True,11.30446434021,-79.2894287109375,588.388916015625,True,-127.43830871582,183.204711914063,43.8012237548828,True,0.269133508205414,0.39730429649353,True,-131.830764770508,194.739349365234,47.9995422363281,True,0.26117616891861,0.357771545648575,True,2.65834045410156,True,2.43704223632813
670,186.3602129,True,-47.0981903076172,-79.1587371826172,593.86865234375,True,11.3042526245117,-79.2871017456055,588.372436523438,True,-126.64249420166,182.935150146484,43.7031478881836,True,0.270575195550919,0.398228108882904,True,-130.762435913086,193.651397705078,47.6035842895508,True,0.263111561536789,0.361500263214111,True,2.66432189941406,True,2.44754028320313
671,186.361879566667,True,-47.1019592285156,-79.1574249267578,593.882507324219,True,11.3039817810059,-79.2868728637695,588.368286132813,True,-127.728912353516,182.435989379883,43.5214385986328,True,0.268607020378113,0.399938941001892,True,-133.139099121094,195.054138183594,48.1141204833984,True,0.258805960416794,0.356692612171173,True,2.67230224609375,True,2.45205688476563
672,186.363546233333,True,-47.1048622131348,-79.1588668823242,593.906433105469,True,11.3018579483032,-79.2842864990234,588.34375,True,-127.940414428711,181.273315429688,43.0982971191406,True,0.268223881721497,0.403923749923706,True,-133.052749633789,196.034194946289,48.470832824707,True,0.258962392807007,0.353333652019501,True,2.67497253417969,True,2.44721984863281
673,186.3652129,True,-47.1069412231445,-79.1641235351563,593.90966796875,True,11.3027667999268,-79.286003112793,588.341674804688,True,-127.58757019043,181.895584106445,43.3247566223145,True,0.26886311173439,0.401791036128998,True,-131.889389038086,194.960723876953,48.0800857543945,True,0.26106995344162,0.357012867927551,True,2.67214965820313,True,2.43470764160156
674,186.366879566667,True,-47.1083106994629,-79.1619262695313,593.907958984375,True,11.3009414672852,-79.284294128418,588.348937988281,True,-127.474014282227,182.535095214844,43.5575637817383,True,0.269068837165833,0.399599254131317,True,-132.026550292969,194.263305664063,47.8262405395508,True,0.260821461677551,0.359403103590012,True,2.67015075683594,True,2.43437194824219
675,186.368546233333,True,-47.1098175048828,-79.160888671875,593.90234375,True,11.297945022583,-79.2830810546875,588.351806640625,True,-127.334564208984,181.930908203125,43.3376426696777,True,0.269321441650391,0.401669979095459,True,-132.468490600586,195.613159179688,48.3175468444824,True,0.260020852088928,0.354776829481125,True,2.66877746582031,True,2.43684387207031
676,186.3702129,True,-47.1139450073242,-79.1599731445313,593.891967773438,True,11.2984771728516,-79.2853317260742,588.333923339844,True,-126.83536529541,183.168502807617,43.7880859375,True,0.270225763320923,0.397428333759308,True,-130.184188842773,192.921997070313,47.338005065918,True,0.264159053564072,0.364000201225281,True,2.67298889160156,True,2.44650268554688
677,186.371879566667,True,-47.1133346557617,-79.1645965576172,593.898681640625,True,11.2964515686035,-79.2840347290039,588.33154296875,True,-126.674163818359,181.260070800781,43.0934371948242,True,0.270517826080322,0.403969168663025,True,-132.329177856445,196.873748779297,48.7763977050781,True,0.260273188352585,0.350456297397614,True,2.6641845703125,True,2.42906188964844
678,186.373546233333,True,-47.1169967651367,-79.1688537597656,593.92138671875,True,11.2966022491455,-79.2812194824219,588.312561035156,True,-127.984260559082,182.131317138672,43.4105415344238,True,0.268144488334656,0.400983184576035,True,-133.597244262695,195.242156982422,48.182544708252,True,0.257976025342941,0.356048226356506,True,2.66194152832031,True,2.43971252441406
679,186.3752129,True,-47.1193580627441,-79.1647186279297,593.918151855469,True,11.2921285629272,-79.2783813476563,588.306518554688,True,-127.661315917969,182.280944824219,43.465015411377,True,0.268729507923126,0.400470316410065,True,-133.440338134766,195.482513427734,48.2700080871582,True,0.258260250091553,0.355224460363388,True,2.67021179199219,True,2.44343566894531
680,186.376879566667,True,-47.1188507080078,-79.1645126342773,593.885375976563,True,11.2925701141357,-79.2788238525391,588.295593261719,True,-127.404724121094,182.151611328125,43.4179878234863,True,0.269194334745407,0.400913536548615,True,-131.200286865234,194.878433227539,48.0501327514648,True,0.262318342924118,0.357294887304306,True,2.67022705078125,True,2.43107604980469
681,186.378546233333,True,-47.1240692138672,-79.1654052734375,593.906677246094,True,11.2869033813477,-79.279411315918,588.296020507813,True,-127.435760498047,180.922027587891,42.9704284667969,True,0.269138097763062,0.405127763748169,True,-130.847045898438,196.244400024414,48.5473785400391,True,0.262958258390427,0.352613270282745,True,2.66093444824219,True,2.4395751953125
682,186.3802129,True,-47.1267509460449,-79.1642532348633,593.911376953125,True,11.2879505157471,-79.2803573608398,588.297058105469,True,-127.184631347656,182.552917480469,43.5640106201172,True,0.269593060016632,0.399538189172745,True,-131.70751953125,194.859954833984,48.0434074401855,True,0.261399418115616,0.35735821723938,True,2.65953063964844,True,2.43739318847656
683,186.381879566667,True,-47.1279220581055,-79.1665954589844,593.911254882813,True,11.2884149551392,-79.2795562744141,588.287719726563,True,-127.811737060547,182.776351928711,43.6453247070313,True,0.268456995487213,0.398772418498993,True,-132.37483215332,195.769775390625,48.3745651245117,True,0.260190546512604,0.354240030050278,True,2.66531372070313,True,2.43820190429688
684,186.383546233333,True,-47.1301498413086,-79.1657562255859,593.90576171875,True,11.286205291748,-79.2789535522461,588.274780273438,True,-128.021194458008,180.069702148438,42.6602172851563,True,0.268077552318573,0.408048897981644,True,-133.564559936523,196.305816650391,48.5696678161621,True,0.258035242557526,0.352402806282043,True,2.67292785644531,True,2.42851257324219
685,186.3852129,True,-47.1348495483398,-79.165771484375,593.914306640625,True,11.2860422134399,-79.2779846191406,588.279846191406,True,-126.607986450195,181.272705078125,43.0980529785156,True,0.270637720823288,0.403925895690918,True,-132.471450805664,196.602066040039,48.6774826049805,True,0.260015457868576,0.351387441158295,True,2.6739501953125,True,2.42030334472656
686,186.386879566667,True,-47.1364135742188,-79.1631469726563,593.865966796875,True,11.2853584289551,-79.2763671875,588.269104003906,True,-127.894577026367,182.445907592773,43.5250663757324,True,0.268306910991669,0.399904936552048,True,-132.177139282227,191.513732910156,46.8255043029785,True,0.260548651218414,0.368826687335968,True,2.66354370117188,True,2.444580078125
687,186.388546233333,True,-47.1381301879883,-79.1616516113281,593.8564453125,True,11.2821292877197,-79.2755661010742,588.276916503906,True,-128.368377685547,183.311828613281,43.8402557373047,True,0.267448574304581,0.396937161684036,True,-132.561614990234,194.470611572266,47.9016990661621,True,0.259852170944214,0.358692586421967,True,2.67535400390625,True,2.44108581542969
688,186.3902129,True,-47.1416854858398,-79.1651306152344,593.868347167969,True,11.2768049240112,-79.2725296020508,588.27783203125,True,-127.409736633301,182.930358886719,43.7014389038086,True,0.269185274839401,0.39824452996254,True,-134.08447265625,194.706329345703,47.9875030517578,True,0.25709331035614,0.357884675264359,True,2.65776062011719,True,2.45297241210938
689,186.391879566667,True,-47.1445999145508,-79.1662292480469,593.860534667969,True,11.2790489196777,-79.2749252319336,588.264343261719,True,-127.139778137207,181.446960449219,43.1615333557129,True,0.269674301147461,0.403328597545624,True,-132.586303710938,194.927429199219,48.0680160522461,True,0.25980743765831,0.357126832008362,True,2.66838073730469,True,2.43836975097656
690,186.393546233333,True,-47.1463928222656,-79.1635513305664,593.849304199219,True,11.2778415679932,-79.2724456787109,588.23681640625,True,-126.404098510742,183.187469482422,43.7949905395508,True,0.271007090806961,0.397363364696503,True,-130.705841064453,198.004470825195,49.1879425048828,True,0.26321405172348,0.346580982208252,True,2.66255187988281,True,2.42015075683594
691,186.3952129,True,-47.1467361450195,-79.1652984619141,593.856628417969,True,11.2779998779297,-79.272705078125,588.225952148438,True,-127.163459777832,183.057769775391,43.747802734375,True,0.269631445407867,0.397807836532593,True,-130.992919921875,196.465606689453,48.6278190612793,True,0.262694001197815,0.351855218410492,True,2.66510009765625,True,2.42488098144531
692,186.396879566667,True,-47.1495132446289,-79.163932800293,593.839416503906,True,11.2727718353271,-79.2728881835938,588.252197265625,True,-125.958427429199,182.537353515625,43.5583801269531,True,0.271814465522766,0.399591445922852,True,-132.628662109375,198.37255859375,49.3219108581543,True,0.259730696678162,0.345319479703903,True,2.66703796386719,True,2.43144226074219
693,186.398546233333,True,-47.1549072265625,-79.1649627685547,593.866577148438,True,11.2720241546631,-79.2739715576172,588.241882324219,True,-127.082336425781,181.183837890625,43.0656814575195,True,0.269778370857239,0.40423047542572,True,-130.905914306641,196.296920776367,48.5664329528809,True,0.262851625680923,0.352433323860168,True,2.6732177734375,True,2.43267822265625
694,186.4002129,True,-47.1552963256836,-79.1659851074219,593.84326171875,True,11.2670803070068,-79.2691116333008,588.24853515625,True,-126.444129943848,181.746551513672,43.2705383300781,True,0.270934551954269,0.402301788330078,True,-130.591339111328,197.893844604492,49.1476745605469,True,0.263421475887299,0.346960097551346,True,2.66761779785156,True,2.41159057617188
695,186.401879566667,True,-47.1577568054199,-79.1688232421875,593.876953125,True,11.2658519744873,-79.2682571411133,588.245483398438,True,-127.249313354492,183.3896484375,43.8685607910156,True,0.269475877285004,0.396670460700989,True,-130.446548461914,196.966094970703,48.8099746704102,True,0.263683795928955,0.350139856338501,True,2.65824890136719,True,2.41398620605469
696,186.403546233333,True,-47.1590728759766,-79.1656723022461,593.83935546875,True,11.2659091949463,-79.2693176269531,588.25537109375,True,-126.508285522461,182.793441772461,43.651554107666,True,0.27081835269928,0.398713797330856,True,-132.350769042969,197.172210693359,48.8850326538086,True,0.260234117507935,0.349433362483978,True,2.65646362304688,True,2.42292785644531
697,186.4052129,True,-47.1635513305664,-79.1635589599609,593.838989257813,True,11.2640209197998,-79.2668609619141,588.238952636719,True,-125.819877624512,183.190170288086,43.7959442138672,True,0.272065430879593,0.397354125976563,True,-131.203002929688,194.826904296875,48.0313720703125,True,0.262313395738602,0.357471495866776,True,2.65603637695313,True,2.42442321777344
698,186.406879566667,True,-47.1620674133301,-79.1640472412109,593.828125,True,11.2612781524658,-79.2643432617188,588.216186523438,True,-127.767211914063,182.928802490234,43.7008361816406,True,0.268537640571594,0.398249864578247,True,-131.892166137695,195.947158813477,48.4391326904297,True,0.261064916849136,0.353632032871246,True,2.6727294921875,True,2.437744140625
699,186.408546233333,True,-47.1649398803711,-79.163948059082,593.832580566406,True,11.2586145401001,-79.2648162841797,588.2236328125,True,-126.68913269043,181.405456542969,43.1463851928711,True,0.270490705966949,0.403470814228058,True,-132.39762878418,196.667526245117,48.7013397216797,True,0.260149240493774,0.351163148880005,True,2.66954040527344,True,2.43434143066406
700,186.4102129,True,-47.1675796508789,-79.1641006469727,593.830383300781,True,11.2562351226807,-79.2654418945313,588.223388671875,True,-125.514358520508,182.910491943359,43.6941719055176,True,0.2726189494133,0.398312658071518,True,-132.679946899414,198.484954833984,49.36279296875,True,0.259637802839279,0.344934284687042,True,2.658203125,True,2.4322509765625
701,186.411879566667,True,-47.1689529418945,-79.1622543334961,593.819702148438,True,11.2568950653076,-79.2653579711914,588.242797851563,True,-126.296096801758,181.596893310547,43.2160720825195,True,0.271202743053436,0.402814745903015,True,-132.457092285156,195.318374633789,48.2102661132813,True,0.260041475296021,0.355787038803101,True,2.66566467285156,True,2.41026306152344
702,186.413546233333,True,-47.1698684692383,-79.1620788574219,593.804809570313,True,11.2546863555908,-79.2633361816406,588.185791015625,True,-126.255035400391,181.774627685547,43.2807922363281,True,0.271277129650116,0.402205556631088,True,-132.554870605469,197.838714599609,49.1276206970215,True,0.259864389896393,0.347149074077606,True,2.64968872070313,True,2.42559814453125
703,186.4152129,True,-47.1718063354492,-79.1662445068359,593.816284179688,True,11.2547397613525,-79.2643356323242,588.205627441406,True,-126.925552368164,182.48779296875,43.5403442382813,True,0.270062386989594,0.399761348962784,True,-132.000259399414,198.579544067383,49.3972282409668,True,0.260869085788727,0.344610095024109,True,2.66127014160156,True,2.41067504882813
704,186.416879566667,True,-47.1746520996094,-79.1625137329102,593.798950195313,True,11.2526264190674,-79.2630157470703,588.191467285156,True,-126.251846313477,181.418395996094,43.1510772705078,True,0.271282911300659,0.40342652797699,True,-132.887329101563,197.778594970703,49.1057319641113,True,0.259262025356293,0.34735506772995,True,2.66999816894531,True,2.42915344238281
705,186.418546233333,True,-47.176887512207,-79.1647033691406,593.811157226563,True,11.2501153945923,-79.2611465454102,588.183898925781,True,-126.667900085449,182.711120605469,43.6215896606445,True,0.27052915096283,0.398995965719223,True,-133.644439697266,198.554168701172,49.3880157470703,True,0.257890522480011,0.344696998596191,True,2.66154479980469,True,2.42718505859375
706,186.4202129,True,-47.1795501708984,-79.1632232666016,593.816284179688,True,11.2506456375122,-79.2647094726563,588.215148925781,True,-127.030609130859,183.392639160156,43.8696517944336,True,0.269872069358826,0.396660149097443,True,-131.65998840332,193.338806152344,47.4897613525391,True,0.261485576629639,0.362571656703949,True,2.65092468261719,True,2.43768310546875
707,186.421879566667,True,-47.1766662597656,-79.1609802246094,593.778930664063,True,11.2459163665771,-79.2611389160156,588.193603515625,True,-127.938491821289,183.019348144531,43.7337989807129,True,0.268227398395538,0.397939562797546,True,-132.853225708008,196.057479858398,48.4793395996094,True,0.259323835372925,0.353253811597824,True,2.65322875976563,True,2.43202209472656
708,186.423546233333,True,-47.1768569946289,-79.1624298095703,593.77783203125,True,11.2445249557495,-79.2622833251953,588.192138671875,True,-126.511306762695,182.732086181641,43.6292419433594,True,0.27081286907196,0.398924082517624,True,-133.69319152832,196.494888305664,48.6385040283203,True,0.257802188396454,0.351754754781723,True,2.67051696777344,True,2.42778015136719
709,186.4252129,True,-47.1813545227051,-79.1609878540039,593.77685546875,True,11.2444324493408,-79.2614593505859,588.203308105469,True,-126.411087036133,182.383773803711,43.5024490356445,True,0.270994424819946,0.40011790394783,True,-133.50439453125,197.421478271484,48.9757461547852,True,0.258144229650497,0.34857913851738,True,2.66241455078125,True,2.42340087890625
710,186.426879566667,True,-47.1827011108398,-79.1638946533203,593.788818359375,True,11.2430534362793,-79.2620849609375,588.187072753906,True,-127.010482788086,183.316299438477,43.8418579101563,True,0.269908517599106,0.396921813488007,True,-131.497436523438,195.973403930664,48.4486999511719,True,0.261780023574829,0.353542029857635,True,2.6602783203125,True,2.42813110351563
711,186.428546233333,True,-47.1837158203125,-79.156982421875,593.7529296875,True,11.2391109466553,-79.2608795166016,588.203552246094,True,-127.345390319824,181.869171142578,43.3151702880859,True,0.26930183172226,0.401881515979767,True,-132.297927856445,197.367004394531,48.9559326171875,True,0.260329842567444,0.348765790462494,True,2.66799926757813,True,2.42289733886719
712,186.4302129,True,-47.1857261657715,-79.1534271240234,593.734008789063,True,11.2399082183838,-79.2602920532227,588.17138671875,True,-126.374069213867,183.946899414063,44.0713768005371,True,0.271061480045319,0.394760608673096,True,-132.701385498047,197.91357421875,49.1548538208008,True,0.259598970413208,0.346892535686493,True,2.65081787109375,True,2.41694641113281
713,186.431879566667,True,-47.1901931762695,-79.1558685302734,593.763488769531,True,11.2366619110107,-79.2631683349609,588.195678710938,True,-126.619346618652,181.796981811523,43.2888832092285,True,0.270617127418518,0.402128964662552,True,-131.75927734375,196.231079101563,48.5424728393555,True,0.261305630207062,0.352658927440643,True,2.65882873535156,True,2.40986633300781
714,186.433546233333,True,-47.1857681274414,-79.1624908447266,593.73779296875,True,11.2349147796631,-79.2609176635742,588.186706542969,True,-125.97388458252,180.356842041016,42.7647399902344,True,0.271786451339722,0.407064735889435,True,-132.047393798828,198.169616699219,49.2480239868164,True,0.260783731937408,0.34601503610611,True,2.67070007324219,True,2.41482543945313
715,186.4352129,True,-47.1866302490234,-79.1620635986328,593.740356445313,True,11.2335357666016,-79.2605361938477,588.189819335938,True,-127.078475952148,181.460540771484,43.1664276123047,True,0.269785404205322,0.403282076120377,True,-131.711624145508,194.122680664063,47.7750778198242,True,0.261391967535019,0.359885036945343,True,2.66108703613281,True,2.4290771484375
716,186.436879566667,True,-47.1931533813477,-79.1595153808594,593.732299804688,True,11.2334899902344,-79.2628402709961,588.200866699219,True,-126.04313659668,183.031280517578,43.7381134033203,True,0.271660983562469,0.397898733615875,True,-131.910766601563,198.242309570313,49.2745056152344,True,0.261031180620193,0.345765799283981,True,2.66191101074219,True,2.4049072265625
717,186.438546233333,True,-47.1932373046875,-79.1568374633789,593.7236328125,True,11.2308883666992,-79.2596588134766,588.173645019531,True,-126.828689575195,182.912414550781,43.6948623657227,True,0.270237922668457,0.39830607175827,True,-131.831573486328,196.740539550781,48.7279052734375,True,0.26117467880249,0.350912868976593,True,2.65650939941406,True,2.41796875
718,186.4402129,True,-47.1925659179688,-79.1608123779297,593.725341796875,True,11.2285957336426,-79.2599487304688,588.183837890625,True,-126.898597717285,182.294464111328,43.4699554443359,True,0.270111203193665,0.400423943996429,True,-131.721649169922,198.024505615234,49.1952285766602,True,0.261373788118362,0.346512258052826,True,2.67103576660156,True,2.41554260253906
719,186.441879566667,True,-47.1951446533203,-79.1606750488281,593.735107421875,True,11.2296752929688,-79.2605133056641,588.180969238281,True,-126.16960144043,182.051025390625,43.3813247680664,True,0.271431922912598,0.401258289813995,True,-132.971008300781,195.618225097656,48.3194351196289,True,0.259110480546951,0.354759305715561,True,2.66172790527344,True,2.42744445800781
720,186.443546233333,True,-47.1972007751465,-79.1590423583984,593.730346679688,True,11.2289428710938,-79.2619171142578,588.199462890625,True,-127.959426879883,182.842254638672,43.6693115234375,True,0.268189430236816,0.398546546697617,True,-132.481079101563,194.154632568359,47.7867050170898,True,0.259998053312302,0.359775543212891,True,2.650146484375,True,2.430419921875
721,186.4452129,True,-47.1993446350098,-79.1603164672852,593.737060546875,True,11.2235469818115,-79.2632598876953,588.190185546875,True,-126.532730102539,183.97688293457,44.0823364257813,True,0.270774006843567,0.394657731056213,True,-132.315567016602,198.614166259766,49.4098739624023,True,0.260297864675522,0.344491302967072,True,2.65043640136719,True,2.41506958007813
722,186.446879566667,True,-47.199779510498,-79.1644439697266,593.734130859375,True,11.2259101867676,-79.2624969482422,588.206665039063,True,-127.606338500977,183.249420166016,43.8175430297852,True,0.268829107284546,0.397150993347168,True,-131.283966064453,194.090362548828,47.7633171081543,True,0.262166678905487,0.359995812177658,True,2.66239929199219,True,2.43228149414063
723,186.448546233333,True,-47.2016754150391,-79.1586303710938,593.720581054688,True,11.2218112945557,-79.2631301879883,588.223327636719,True,-126.608619689941,182.179763793945,43.4282493591309,True,0.270636558532715,0.400817006826401,True,-131.91731262207,194.785278320313,48.0162696838379,True,0.26101940870285,0.357614159584045,True,2.65447998046875,True,2.43199157714844
724,186.4502129,True,-47.2048492431641,-79.1620330810547,593.734619140625,True,11.2207746505737,-79.2629013061523,588.180908203125,True,-126.517837524414,181.446197509766,43.1612014770508,True,0.270801037549973,0.403331220149994,True,-133.110122680664,196.841079711914,48.7644996643066,True,0.258858472108841,0.350568234920502,True,2.66191101074219,True,2.4139404296875
725,186.451879566667,True,-47.2077789306641,-79.1665954589844,593.76171875,True,11.2184324264526,-79.2627182006836,588.211242675781,True,-125.953979492188,181.835632324219,43.3029251098633,True,0.271822512149811,0.401996552944183,True,-130.062377929688,193.661117553711,47.6070251464844,True,0.264379739761353,0.361467003822327,True,2.66218566894531,True,2.42475891113281
726,186.453546233333,True,-47.2086791992188,-79.1636734008789,593.745727539063,True,11.2168560028076,-79.2623138427734,588.211059570313,True,-127.096755981445,182.158325195313,43.4204177856445,True,0.269752264022827,0.400890529155731,True,-132.631988525391,194.938415527344,48.071964263916,True,0.259724646806717,0.357089310884476,True,2.664306640625,True,2.44023132324219
727,186.4552129,True,-47.2104415893555,-79.1654586791992,593.754150390625,True,11.2179918289185,-79.2623443603516,588.214782714844,True,-125.541000366211,182.120086669922,43.4064865112305,True,0.272570669651031,0.401021629571915,True,-132.505737304688,196.136428833008,48.5080451965332,True,0.259953379631042,0.352983295917511,True,2.65699768066406,True,2.42112731933594
728,186.456879566667,True,-47.2139472961426,-79.1678924560547,593.771728515625,True,11.2154264450073,-79.2640686035156,588.221313476563,True,-127.069404602051,181.755279541016,43.2737197875977,True,0.269801795482635,0.402271866798401,True,-131.932342529297,197.949310302734,49.1678657531738,True,0.260992139577866,0.346770048141479,True,2.65402221679688,True,2.42044067382813
729,186.458546233333,True,-47.217155456543,-79.1663970947266,593.783569335938,True,11.2143936157227,-79.2641143798828,588.222045898438,True,-127.000473022461,181.115249633789,43.0407333374023,True,0.26992666721344,0.404465466737747,True,-131.999816894531,198.158142089844,49.2438659667969,True,0.260869890451431,0.346054375171661,True,2.65562438964844,True,2.41583251953125
730,186.4602129,True,-47.2146987915039,-79.1684875488281,593.762390136719,True,11.2129497528076,-79.2612609863281,588.219116210938,True,-128.125610351563,181.317413330078,43.1143493652344,True,0.267888396978378,0.403772562742233,True,-132.350280761719,196.523681640625,48.6489753723145,True,0.260234981775284,0.351656049489975,True,2.6558837890625,True,2.4300537109375
731,186.461879566667,True,-47.2187309265137,-79.1693420410156,593.77392578125,True,11.211950302124,-79.2642593383789,588.224487304688,True,-126.778717041016,182.221496582031,43.4434127807617,True,0.270328402519226,0.400674045085907,True,-130.839080810547,196.328475952148,48.5779418945313,True,0.262972712516785,0.352325111627579,True,2.66094970703125,True,2.41984558105469
732,186.463546233333,True,-47.2200241088867,-79.1660690307617,593.769775390625,True,11.2088851928711,-79.2626113891602,588.199096679688,True,-127.441146850586,180.686065673828,42.884521484375,True,0.269128382205963,0.405936479568481,True,-132.749725341797,195.097106933594,48.1297302246094,True,0.259511411190033,0.356545448303223,True,2.66844177246094,True,2.42306518554688
733,186.4652129,True,-47.2213134765625,-79.1700134277344,593.79345703125,True,11.2048101425171,-79.2643127441406,588.218994140625,True,-127.240371704102,181.763595581055,43.276741027832,True,0.269492089748383,0.402243405580521,True,-130.523498535156,194.966522216797,48.0822067260742,True,0.263544410467148,0.356993019580841,True,2.653564453125,True,2.42962646484375
734,186.466879566667,True,-47.2258758544922,-79.1705169677734,593.812561035156,True,11.2061901092529,-79.263069152832,588.232177734375,True,-127.253387451172,180.725250244141,42.8988304138184,True,0.269468516111374,0.405802130699158,True,-132.370147705078,196.826751708984,48.7592964172363,True,0.260199010372162,0.350617408752441,True,2.67030334472656,True,2.41264343261719
735,186.468546233333,True,-47.2251739501953,-79.1678009033203,593.79541015625,True,11.2053279876709,-79.2638702392578,588.220703125,True,-127.34065246582,181.497375488281,43.1798286437988,True,0.269310414791107,0.403155833482742,True,-132.497756958008,194.140274047852,47.7814636230469,True,0.259967833757401,0.359824746847153,True,2.67460632324219,True,2.43305969238281
736,186.4702129,True,-47.2259368896484,-79.1694183349609,593.793640136719,True,11.2040843963623,-79.2649688720703,588.236450195313,True,-127.946044921875,182.238311767578,43.4495086669922,True,0.268213659524918,0.400616377592087,True,-133.455902099609,199.230407714844,49.6341247558594,True,0.258232086896896,0.342379331588745,True,2.657470703125,True,2.42314147949219
737,186.471879566667,True,-47.2257957458496,-79.1706924438477,593.800842285156,True,11.1988735198975,-79.2660675048828,588.271484375,True,-128.477569580078,181.48063659668,43.1737518310547,True,0.267250776290894,0.403213173151016,True,-130.480682373047,196.197860717773,48.5303573608398,True,0.263621956110001,0.352772772312164,True,2.65876770019531,True,2.4293212890625
738,186.473546233333,True,-47.22900390625,-79.1722106933594,593.812072753906,True,11.2005977630615,-79.2624206542969,588.239807128906,True,-127.679725646973,180.500366210938,42.8169631958008,True,0.268696159124374,0.406572848558426,True,-130.495880126953,195.029083251953,48.1049652099609,True,0.263594418764114,0.356778532266617,True,2.66876220703125,True,2.433349609375
739,186.4752129,True,-47.2303009033203,-79.1695251464844,593.80078125,True,11.1990985870361,-79.2636032104492,588.23681640625,True,-127.258033752441,179.828369140625,42.572395324707,True,0.269460082054138,0.408875972032547,True,-131.010498046875,194.85954284668,48.043270111084,True,0.26266211271286,0.35735958814621,True,2.67633056640625,True,2.43780517578125
740,186.476879566667,True,-47.2344779968262,-79.17236328125,593.819641113281,True,11.1974649429321,-79.2624053955078,588.238403320313,True,-127.833312988281,181.083984375,43.0293960571289,True,0.268417924642563,0.404572665691376,True,-132.356521606445,196.822967529297,48.7578887939453,True,0.260223746299744,0.350630432367325,True,2.66864013671875,True,2.42042541503906
741,186.478546233333,True,-47.2361679077148,-79.1742248535156,593.838806152344,True,11.1950397491455,-79.2630615234375,588.231201171875,True,-127.647277832031,181.449829101563,43.1625289916992,True,0.268754929304123,0.403318703174591,True,-131.206008911133,195.272644042969,48.1936340332031,True,0.262307971715927,0.35594379901886,True,2.66252136230469,True,2.42414855957031
742,186.4802129,True,-47.2382125854492,-79.1774444580078,593.849792480469,True,11.1942939758301,-79.2619934082031,588.247802734375,True,-127.206077575684,180.257843017578,42.7287216186523,True,0.269554197788239,0.407403975725174,True,-131.636627197266,195.701141357422,48.3495826721191,True,0.261527866125107,0.354475229978561,True,2.66786193847656,True,2.43061828613281
743,186.481879566667,True,-47.2401847839355,-79.1726226806641,593.848388671875,True,11.1919679641724,-79.2589721679688,588.231201171875,True,-128.463638305664,181.874221801758,43.3170166015625,True,0.267275989055634,0.40186420083046,True,-129.805053710938,196.667877197266,48.7014617919922,True,0.264845907688141,0.351161897182465,True,2.664794921875,True,2.41561889648438
744,186.483546233333,True,-47.2421798706055,-79.1719970703125,593.849243164063,True,11.1897459030151,-79.25732421875,588.229187011719,True,-128.032867431641,181.58903503418,43.2131958007813,True,0.268056392669678,0.402841687202454,True,-131.884765625,193.961608886719,47.7164611816406,True,0.261078357696533,0.360437124967575,True,2.66207885742188,True,2.42900085449219
745,186.4852129,True,-47.2470321655273,-79.1747131347656,593.8828125,True,11.1941184997559,-79.2607345581055,588.23974609375,True,-126.587249755859,180.069732666016,42.6601867675781,True,0.270675241947174,0.408048808574677,True,-130.668640136719,192.443878173828,47.1640472412109,True,0.263281464576721,0.365638852119446,True,2.66877746582031,True,2.43302917480469
746,186.486879566667,True,-47.2473297119141,-79.1764678955078,593.878295898438,True,11.1881980895996,-79.2563858032227,588.254760742188,True,-127.215797424316,181.931869506836,43.3379821777344,True,0.269536584615707,0.401666700839996,True,-131.670806884766,194.202117919922,47.8039703369141,True,0.261465966701508,0.359612852334976,True,2.667236328125,True,2.42291259765625
747,186.488546233333,True,-47.2473449707031,-79.1753158569336,593.877197265625,True,11.1863269805908,-79.2578887939453,588.253784179688,True,-127.72541809082,181.799499511719,43.2897567749023,True,0.268613368272781,0.402120411396027,True,-130.371322631836,194.224166870117,47.8120307922363,True,0.263820081949234,0.359537243843079,True,2.66133117675781,True,2.42190551757813
748,186.4902129,True,-47.2488250732422,-79.1711120605469,593.876586914063,True,11.1852006912231,-79.2585220336914,588.253234863281,True,-127.957229614258,181.378601074219,43.1365928649902,True,0.268193423748016,0.403562933206558,True,-130.892456054688,196.269073486328,48.556266784668,True,0.262875974178314,0.352528780698776,True,2.66828918457031,True,2.41299438476563
749,186.491879566667,True,-47.2521057128906,-79.1719055175781,593.877746582031,True,11.1817073822021,-79.2565231323242,588.268615722656,True,-126.511611938477,181.174468994141,43.0623474121094,True,0.270812302827835,0.40426242351532,True,-131.24723815918,196.929321289063,48.7965812683105,True,0.262233257293701,0.350265890359879,True,2.67317199707031,True,2.43017578125
750,186.493546233333,True,-47.2531356811523,-79.175048828125,593.889770507813,True,11.1785640716553,-79.253173828125,588.260375976563,True,-126.191452026367,181.384140014648,43.1386413574219,True,0.271392315626144,0.403543889522552,True,-132.235702514648,194.660125732422,47.9707107543945,True,0.260442614555359,0.358043044805527,True,2.67445373535156,True,2.43145751953125
751,186.4952129,True,-47.2529220581055,-79.174072265625,593.885314941406,True,11.1768817901611,-79.2523498535156,588.279418945313,True,-128.235702514648,181.05712890625,43.0195922851563,True,0.26768895983696,0.404664665460587,True,-128.762939453125,193.517578125,47.554801940918,True,0.266733765602112,0.361958980560303,True,2.66880798339844,True,2.42887878417969
752,186.496879566667,True,-47.2559127807617,-79.1727294921875,593.881591796875,True,11.1748924255371,-79.2532272338867,588.261474609375,True,-127.751693725586,180.849105834961,42.9438591003418,True,0.268565773963928,0.405377686023712,True,-129.291580200195,194.878753662109,48.0502548217773,True,0.26577615737915,0.357293784618378,True,2.67349243164063,True,2.42776489257813
753,186.498546233333,True,-47.2621154785156,-79.1743469238281,593.923095703125,True,11.1723213195801,-79.2538223266602,588.278198242188,True,-127.474990844727,181.095367431641,43.0335464477539,True,0.269067078828812,0.404533594846725,True,-131.264831542969,195.047607421875,48.1117248535156,True,0.262201398611069,0.356715023517609,True,2.65950012207031,True,2.42800903320313
754,186.5002129,True,-47.261116027832,-79.1722412109375,593.909912109375,True,11.1721019744873,-79.2500915527344,588.271240234375,True,-127.279891967773,182.351226806641,43.4906311035156,True,0.269420504570007,0.400229394435883,True,-130.350830078125,195.641784667969,48.3279724121094,True,0.263857185840607,0.354678601026535,True,2.67106628417969,True,2.43663024902344
755,186.501879566667,True,-47.2612228393555,-79.1732177734375,593.908203125,True,11.1729345321655,-79.2505264282227,588.246765136719,True,-127.56916809082,180.809387207031,42.9294738769531,True,0.268896460533142,0.40551370382309,True,-133.160186767578,194.913818359375,48.0630187988281,True,0.258767813444138,0.357173681259155,True,2.66999816894531,True,2.41697692871094
756,186.503546233333,True,-47.2655029296875,-79.1716156005859,593.908569335938,True,11.166919708252,-79.2492141723633,588.251037597656,True,-126.867828369141,181.883087158203,43.3202285766602,True,0.270166993141174,0.401833862066269,True,-132.55241394043,196.453796386719,48.6235237121582,True,0.259868800640106,0.351895540952682,True,2.67071533203125,True,2.41886901855469
757,186.5052129,True,-47.2686309814453,-79.1717224121094,593.885864257813,True,11.1665163040161,-79.2489242553711,588.262084960938,True,-125.760925292969,181.300476074219,43.1081581115723,True,0.27217224240303,0.403830587863922,True,-130.711212158203,196.20881652832,48.5343627929688,True,0.263204336166382,0.352735310792923,True,2.67036437988281,True,2.42515563964844
758,186.506879566667,True,-47.2727317810059,-79.1755065917969,593.939514160156,True,11.1652603149414,-79.2494125366211,588.244506835938,True,-127.492141723633,180.482757568359,42.8105621337891,True,0.269035995006561,0.406633198261261,True,-130.640426635742,193.329467773438,47.4863891601563,True,0.263332575559616,0.362603604793549,True,2.67863464355469,True,2.44281005859375
759,186.508546233333,True,-47.2730941772461,-79.16943359375,593.885314941406,True,11.1614952087402,-79.2458801269531,588.237670898438,True,-127.503402709961,181.55989074707,43.2025833129883,True,0.269015550613403,0.402941524982452,True,-130.7568359375,192.744903564453,47.2736167907715,True,0.263121694326401,0.364607155323029,True,2.67961120605469,True,2.44712829589844
760,186.5102129,True,-47.2739219665527,-79.1681823730469,593.8857421875,True,11.1585960388184,-79.2419128417969,588.223327636719,True,-128.012054443359,181.69775390625,43.2527618408203,True,0.268094122409821,0.402469098567963,True,-130.456695556641,197.599304199219,49.0404586791992,True,0.263665437698364,0.347969651222229,True,2.68077087402344,True,2.42707824707031
761,186.511879566667,True,-47.2774276733398,-79.1721954345703,593.898071289063,True,11.1586093902588,-79.2393951416016,588.21337890625,True,-126.818099975586,182.613845825195,43.5861930847168,True,0.27025705575943,0.399329304695129,True,-129.3037109375,197.181900024414,48.8885536193848,True,0.265754163265228,0.349400162696838,True,2.66349792480469,True,2.41876220703125
762,186.513546233333,True,-47.2796745300293,-79.1729049682617,593.904296875,True,11.1537704467773,-79.2383575439453,588.21923828125,True,-126.595718383789,181.2353515625,43.0844764709473,True,0.270659923553467,0.404053807258606,True,-130.233963012695,198.478485107422,49.3604621887207,True,0.264068901538849,0.344956338405609,True,2.67720031738281,True,2.416015625
763,186.5152129,True,-47.2810707092285,-79.1715393066406,593.903869628906,True,11.1558494567871,-79.2425689697266,588.214599609375,True,-126.552871704102,181.932571411133,43.3381881713867,True,0.270737588405609,0.401664316654205,True,-130.848373413086,193.414031982422,47.5171279907227,True,0.262955844402313,0.362313866615295,True,2.67839050292969,True,2.44456481933594
764,186.516879566667,True,-47.2794342041016,-79.1679763793945,593.876708984375,True,11.1514701843262,-79.239128112793,588.238403320313,True,-128.261184692383,180.167877197266,42.6959686279297,True,0.267642796039581,0.407712340354919,True,-132.033935546875,195.677185058594,48.3408813476563,True,0.260808140039444,0.35455733537674,True,2.68267822265625,True,2.42588806152344
765,186.518546233333,True,-47.281925201416,-79.1713562011719,593.887084960938,True,11.1475830078125,-79.2378082275391,588.23046875,True,-127.345352172852,181.463836669922,43.1676292419434,True,0.269301891326904,0.403270781040192,True,-130.494720458984,194.642074584961,47.964054107666,True,0.263596534729004,0.358105003833771,True,2.67137145996094,True,2.42599487304688
766,186.5202129,True,-47.2833709716797,-79.1715927124023,593.876220703125,True,11.1479358673096,-79.2363739013672,588.194152832031,True,-127.500732421875,181.107177734375,43.0378189086914,True,0.269020438194275,0.404493153095245,True,-130.780029296875,196.906616210938,48.7883605957031,True,0.263079643249512,0.350343614816666,True,2.67457580566406,True,2.42173767089844
767,186.521879566667,True,-47.2906188964844,-79.171501159668,593.901977539063,True,11.1492023468018,-79.2393341064453,588.221313476563,True,-126.620002746582,181.833618164063,43.3022346496582,True,0.270615935325623,0.402003407478333,True,-132.200805664063,195.631896972656,48.3243637084961,True,0.260505765676498,0.354712545871735,True,2.67549133300781,True,2.42628479003906
768,186.523546233333,True,-47.2900924682617,-79.1781768798828,593.90478515625,True,11.1429805755615,-79.238151550293,588.225402832031,True,-126.450538635254,181.17626953125,43.0629501342773,True,0.270922958850861,0.404256343841553,True,-130.020126342773,195.147232055664,48.1479721069336,True,0.264456301927567,0.35637366771698,True,2.67657470703125,True,2.43003845214844
769,186.5252129,True,-47.2911834716797,-79.1740264892578,593.891723632813,True,11.1417007446289,-79.2400207519531,588.21728515625,True,-127.22802734375,183.179656982422,43.7921447753906,True,0.269514441490173,0.397390127182007,True,-130.467590332031,195.695098876953,48.3473892211914,True,0.263645708560944,0.354495942592621,True,2.66732788085938,True,2.42411804199219
770,186.526879566667,True,-47.2976684570313,-79.1783752441406,593.924682617188,True,11.1399364471436,-79.237419128418,588.234924316406,True,-125.495620727539,182.987762451172,43.7222747802734,True,0.272652864456177,0.398047834634781,True,-131.674362182617,196.755462646484,48.7333145141602,True,0.261459499597549,0.350861787796021,True,2.66983032226563,True,2.42617797851563
771,186.528546233333,True,-47.297477722168,-79.1745452880859,593.915283203125,True,11.1354427337646,-79.23779296875,588.236145019531,True,-127.92121887207,179.572937011719,42.4794120788574,True,0.268258690834045,0.409751385450363,True,-131.543670654297,195.082214355469,48.1243133544922,True,0.26169627904892,0.356596440076828,True,2.68984985351563,True,2.43180847167969
772,186.5302129,True,-47.2950057983398,-79.1824035644531,593.908081054688,True,11.1368179321289,-79.2392883300781,588.235778808594,True,-127.184173583984,181.912307739258,43.3308563232422,True,0.269593894481659,0.401733696460724,True,-130.515502929688,196.55534362793,48.6604957580566,True,0.263558924198151,0.351547569036484,True,2.68368530273438,True,2.4178466796875
773,186.531879566667,True,-47.2998733520508,-79.1800231933594,593.9208984375,True,11.1350955963135,-79.2384490966797,588.220092773438,True,-126.944122314453,181.691497802734,43.25048828125,True,0.27002876996994,0.402490556240082,True,-130.581680297852,198.78125,49.4706344604492,True,0.263438999652863,0.343918800354004,True,2.67779541015625,True,2.41996765136719
774,186.533546233333,True,-47.3044509887695,-79.179443359375,593.912719726563,True,11.1322164535522,-79.2411193847656,588.234619140625,True,-126.901428222656,181.886596679688,43.3215255737305,True,0.270106106996536,0.401821851730347,True,-130.543151855469,197.493835449219,49.0020751953125,True,0.263508796691895,0.348331123590469,True,2.67366027832031,True,2.42172241210938
775,186.5352129,True,-47.3076095581055,-79.1885223388672,593.934204101563,True,11.1297187805176,-79.2467041015625,588.251403808594,True,-126.833343505859,181.579681396484,43.2098045349121,True,0.270229458808899,0.402873694896698,True,-130.276901245117,192.554931640625,47.2044448852539,True,0.263991117477417,0.36525821685791,True,2.68191528320313,True,2.43203735351563
776,186.536879566667,True,-47.311107635498,-79.1913986206055,593.9365234375,True,11.126522064209,-79.2575912475586,588.248046875,True,-126.715270996094,180.902313232422,42.9632568359375,True,0.270443379878998,0.405195295810699,True,-130.824935913086,196.606048583984,48.6789016723633,True,0.262998342514038,0.351373821496964,True,2.69206237792969,True,2.41304016113281
777,186.538546233333,True,-47.3096694946289,-79.2076721191406,593.944030761719,True,11.120005607605,-79.2666549682617,588.267456054688,True,-126.329063415527,180.254608154297,42.7275161743164,True,0.271142989397049,0.407415151596069,True,-131.771011352539,195.565246582031,48.3001022338867,True,0.261284410953522,0.354941010475159,True,2.68757629394531,True,2.44342041015625
778,186.5402129,True,-47.3055877685547,-79.2220611572266,593.939392089844,True,11.1102819442749,-79.2876281738281,588.269165039063,True,-128.593780517578,179.774444580078,42.5527572631836,True,0.267040252685547,0.409060776233673,True,-131.698654174805,193.46044921875,47.5340766906738,True,0.261415481567383,0.36215478181839,True,2.68914794921875,True,2.44108581542969
779,186.541879566667,True,-47.3001327514648,-79.2387237548828,593.9072265625,True,11.0966358184814,-79.3139190673828,588.26953125,True,-129.719818115234,178.299591064453,42.0159492492676,True,0.265000343322754,0.41411554813385,True,-129.946899414063,191.565887451172,46.8445053100586,True,0.264588981866837,0.368647933006287,True,2.67764282226563,True,2.44010925292969
780,186.543546233333,True,-47.3010482788086,-79.2641448974609,593.90673828125,True,11.0779047012329,-79.3364868164063,588.287475585938,True,-128.119903564453,174.143417358398,40.5031890869141,True,0.267898738384247,0.428360044956207,True,-132.202972412109,187.894866943359,45.5083541870117,True,0.260501861572266,0.381229639053345,True,2.70240783691406,True,2.43399047851563
781,186.5452129,True,-47.3008308410645,-79.2977600097656,593.896362304688,True,11.0693254470825,-79.3599700927734,588.275512695313,True,-129.870330810547,174.161209106445,40.5096893310547,True,0.264727652072906,0.428299069404602,True,-134.228088378906,181.441696166992,43.1595687866211,True,0.25683319568634,0.403346657752991,True,2.69317626953125,True,2.40617370605469
782,186.546879566667,True,-47.2957229614258,-79.3195953369141,593.869995117188,True,11.0570802688599,-79.3875732421875,588.316772460938,True,-130.798706054688,169.54866027832,38.8309020996094,True,0.263045847415924,0.44410765171051,True,-134.216705322266,177.825332641602,41.8433151245117,True,0.25685378909111,0.41574102640152,True,2.6865234375,True,2.41352844238281
783,186.548546233333,True,-47.2873840332031,-79.3460235595703,593.906555175781,True,11.0417213439941,-79.4161071777344,588.248413085938,True,-133.0029296875,163.808547973633,36.7416114807129,True,0.259052693843842,0.46378082036972,True,-136.890609741211,170.027954101563,39.0053482055664,True,0.252009749412537,0.4424649477005,True,2.69281005859375,True,2.4034423828125
784,186.5502129,True,-47.2721176147461,-79.3823318481445,593.887451171875,True,11.0257625579834,-79.4530639648438,588.26953125,True,-134.146362304688,159.997497558594,35.3545227050781,True,0.256981253623962,0.476842433214188,True,-137.422897338867,167.065155029297,37.926929473877,True,0.25104546546936,0.45261937379837,True,2.69662475585938,True,2.40803527832031
785,186.551879566667,True,-47.2622604370117,-79.418098449707,593.818725585938,True,11.0096597671509,-79.4783706665039,588.230773925781,True,-135.629364013672,159.563873291016,35.1966857910156,True,0.254294604063034,0.478328615427017,True,-143.185165405273,163.469604492188,36.618293762207,True,0.240606606006622,0.464942455291748,True,2.67877197265625,True,2.40078735351563
786,186.553546233333,True,-47.2558670043945,-79.4515533447266,593.8427734375,True,11.0079202651978,-79.5040588378906,588.157165527344,True,-135.503280639648,154.549194335938,33.3715133666992,True,0.254523038864136,0.495515465736389,True,-142.109954833984,151.300079345703,32.1889419555664,True,0.24255445599556,0.506651163101196,True,2.6922607421875,True,2.41609191894531
787,186.5552129,True,-47.23876953125,-79.4818954467773,593.818176269531,True,10.9916334152222,-79.5418243408203,588.185546875,True,-135.414169311523,148.807510375977,31.2816696166992,True,0.25468447804451,0.51519387960434,True,-140.570220947266,152.262802124023,32.5393218994141,True,0.245343834161758,0.50335156917572,True,2.68202209472656,True,2.40618896484375
788,186.556879566667,True,-47.2231292724609,-79.5155792236328,593.751098632813,True,10.9775161743164,-79.5734558105469,588.19775390625,True,-135.842269897461,144.064147949219,29.5552558898926,True,0.253908932209015,0.531450867652893,True,-139.079803466797,140.238983154297,28.1629962921143,True,0.248043835163116,0.54456090927124,True,2.67599487304688,True,2.42466735839844
789,186.558546233333,True,-47.215217590332,-79.544075012207,593.735534667969,True,10.9637250900269,-79.6047515869141,588.198120117188,True,-135.810592651367,139.595001220703,27.9285793304443,True,0.253966301679611,0.546768009662628,True,-135.161483764648,131.695861816406,25.0535430908203,True,0.255142241716385,0.573840737342834,True,2.68132019042969,True,2.42375183105469
790,186.5602129,True,-47.2018165588379,-79.5845031738281,593.735534667969,True,10.968225479126,-79.6291809082031,588.165283203125,True,-135.824188232422,134.15966796875,25.9503498077393,True,0.253941684961319,0.565396428108215,True,-141.853759765625,129.290008544922,24.1779327392578,True,0.243018597364426,0.582086265087128,True,2.69223022460938,True,2.42398071289063
791,186.561879566667,True,-47.1883010864258,-79.608512878418,593.701049804688,True,10.954927444458,-79.6554107666016,588.167358398438,True,-135.312103271484,128.549209594727,23.9082717895508,True,0.254869371652603,0.58462530374527,True,-139.369018554688,119.580581665039,20.6439361572266,True,0.247519910335541,0.615363538265228,True,2.66792297363281,True,2.40818786621094
792,186.563546233333,True,-47.1803741455078,-79.6361465454102,593.693176269531,True,10.9492015838623,-79.6834106445313,588.14111328125,True,-134.931015014648,124.043716430664,22.2684383392334,True,0.255559772253036,0.600066959857941,True,-136.546447753906,111.980361938477,17.8777046203613,True,0.252633273601532,0.641411781311035,True,2.67176818847656,True,2.40760803222656
793,186.5652129,True,-47.1694412231445,-79.6738204956055,593.672180175781,True,10.9360733032227,-79.7207107543945,588.161499023438,True,-134.745376586914,119.273155212402,20.5320892333984,True,0.255896031856537,0.616417050361633,True,-137.303375244141,106.467666625977,15.8712425231934,True,0.251262038946152,0.660305380821228,True,2.67683410644531,True,2.42631530761719
794,186.566879566667,True,-47.1586303710938,-79.7076110839844,593.642944335938,True,10.9348630905151,-79.7428817749023,588.148193359375,True,-134.338317871094,115.216445922852,19.0555801391602,True,0.256633520126343,0.63032066822052,True,-135.933074951172,99.1298980712891,13.2005491256714,True,0.253744423389435,0.685454070568085,True,2.67967224121094,True,2.43478393554688
795,186.568546233333,True,-47.1557655334473,-79.7319412231445,593.669616699219,True,10.9325113296509,-79.7636260986328,588.165649414063,True,-134.283538818359,109.315979003906,16.9079341888428,True,0.256732702255249,0.650543332099915,True,-135.607330322266,93.8949661254883,11.2951240539551,True,0.254334539175034,0.703395903110504,True,2.67530822753906,True,2.43434143066406
796,186.5702129,True,-47.150463104248,-79.762336730957,593.730773925781,True,10.9263248443604,-79.7841644287109,588.162353515625,True,-132.523406982422,103.551116943359,14.809684753418,True,0.259921371936798,0.67030131816864,True,-135.298217773438,88.4642868041992,9.31857967376709,True,0.254894524812698,0.722008347511292,True,2.67721557617188,True,2.44245910644531
797,186.571879566667,True,-47.1372985839844,-79.7843627929688,593.716064453125,True,10.9275140762329,-79.8003692626953,588.093017578125,True,-134.337158203125,100.186149597168,13.5849571228027,True,0.256635576486588,0.681834101676941,True,-136.536407470703,85.718505859375,8.31919288635254,True,0.252651453018188,0.731419086456299,True,2.68052673339844,True,2.43635559082031
798,186.573546233333,True,-47.1334114074707,-79.8058013916016,593.707153320313,True,10.9250965118408,-79.8201065063477,588.113830566406,True,-132.148910522461,96.2099609375,12.1377477645874,True,0.260599792003632,0.695461690425873,True,-135.942977905273,81.0999069213867,6.63812732696533,True,0.253726482391357,0.747248411178589,True,2.68321228027344,True,2.45004272460938
799,186.5752129,True,-47.1300277709961,-79.8155517578125,593.689575195313,True,10.9235858917236,-79.8340911865234,588.119018554688,True,-133.476089477539,93.5273590087891,11.1613273620605,True,0.258195459842682,0.704655766487122,True,-137.295852661133,83.4200668334961,7.48258972167969,True,0.251275628805161,0.739296555519104,True,2.66789245605469,True,2.44741821289063
800,186.576879566667,True,-47.1282119750977,-79.8272857666016,593.668395996094,True,10.9298410415649,-79.8416595458984,588.10302734375,True,-131.593032836914,91.8488464355469,10.5504322052002,True,0.261606812477112,0.710408568382263,True,-136.210388183594,75.7997589111328,4.70904922485352,True,0.253242045640945,0.765413641929626,True,2.67903137207031,True,2.47088623046875
801,186.578546233333,True,-47.1289367675781,-79.830696105957,593.642822265625,True,10.9291934967041,-79.8461761474609,588.127319335938,True,-132.239959716797,91.2206268310547,10.3217887878418,True,0.260434865951538,0.712561666965485,True,-135.641723632813,77.9889907836914,5.5058650970459,True,0.254272222518921,0.757910430431366,True,2.68682861328125,True,2.46214294433594
802,186.5802129,True,-47.1302833557129,-79.8351898193359,593.612609863281,True,10.93332862854,-79.8527145385742,588.122436523438,True,-132.113296508789,90.9633255004883,10.2281141281128,True,0.260664314031601,0.713443517684937,True,-134.135528564453,78.3552551269531,5.63917636871338,True,0.257000863552094,0.756655097007751,True,2.67973327636719,True,2.44613647460938
803,186.581879566667,True,-47.1328392028809,-79.8367462158203,593.60791015625,True,10.9366264343262,-79.8539581298828,588.130065917969,True,-132.487854003906,88.54296875,9.3471851348877,True,0.2599858045578,0.721738696098328,True,-133.3671875,80.8902969360352,6.56182336807251,True,0.258392781019211,0.747966885566711,True,2.67616271972656,True,2.44845581054688
804,186.583546233333,True,-47.1422729492188,-79.8413696289063,593.629089355469,True,10.9416027069092,-79.8518142700195,588.126403808594,True,-132.177154541016,90.6702270507813,10.1214370727539,True,0.260548621416092,0.714448094367981,True,-135.292510986328,80.0999603271484,6.27421092987061,True,0.254904836416245,0.750675439834595,True,2.70367431640625,True,2.4622802734375
805,186.5852129,True,-47.1461868286133,-79.8428039550781,593.641418457031,True,10.9444599151611,-79.8547058105469,588.144348144531,True,-133.139587402344,89.7554931640625,9.78851985931396,True,0.258805096149445,0.717583060264587,True,-132.505523681641,80.5240631103516,6.42853164672852,True,0.259953737258911,0.749222040176392,True,2.69705200195313,True,2.45478820800781
806,186.586879566667,True,-47.1523971557617,-79.8444747924805,593.638061523438,True,10.9527606964111,-79.8543548583984,588.141784667969,True,-134.095062255859,91.6316528320313,10.4713668823242,True,0.257074147462845,0.711152911186218,True,-131.50260925293,79.7052154541016,6.13050079345703,True,0.261770665645599,0.752028524875641,True,2.6785888671875,True,2.46922302246094
807,186.588546233333,True,-47.1589431762695,-79.8446578979492,593.659118652344,True,10.9598007202148,-79.8575820922852,588.159790039063,True,-133.260314941406,89.4481430053711,9.67663669586182,True,0.258586406707764,0.718636512756348,True,-133.846801757813,78.5852737426758,5.72289991378784,True,0.257523953914642,0.755866825580597,True,2.69612121582031,True,2.47210693359375
808,186.5902129,True,-47.1593017578125,-79.8404998779297,593.635009765625,True,10.9593124389648,-79.8552856445313,588.148803710938,True,-134.553833007813,89.4107513427734,9.66302680969238,True,0.256243050098419,0.718764543533325,True,-133.938659667969,81.1077728271484,6.64101266860962,True,0.257357478141785,0.747221410274506,True,2.70326232910156,True,2.46098327636719
809,186.591879566667,True,-47.1635208129883,-79.8452987670898,593.640686035156,True,10.9653959274292,-79.8533477783203,588.121215820313,True,-134.255401611328,89.2705307006836,9.61202239990234,True,0.256783723831177,0.719245195388794,True,-133.533081054688,78.8642959594727,5.82441520690918,True,0.258092224597931,0.754910528659821,True,2.69241333007813,True,2.45968627929688
810,186.593546233333,True,-47.1655654907227,-79.8499145507813,593.646850585938,True,10.9670000076294,-79.8532562255859,588.140930175781,True,-135.821105957031,90.4140167236328,10.0282135009766,True,0.253947287797928,0.715326070785522,True,-132.482391357422,77.9300155639648,5.48442077636719,True,0.259995698928833,0.758112549781799,True,2.68562316894531,True,2.47895812988281
811,186.5952129,True,-47.1692733764648,-79.8489685058594,593.653198242188,True,10.9704809188843,-79.8569869995117,588.138366699219,True,-134.341339111328,88.5131072998047,9.33630180358887,True,0.256627976894379,0.721841096878052,True,-132.808013916016,77.4438018798828,5.30742692947388,True,0.259405791759491,0.75977897644043,True,2.70565795898438,True,2.46815490722656
812,186.596879566667,True,-47.1736831665039,-79.8471984863281,593.667419433594,True,10.9699306488037,-79.8512725830078,588.130676269531,True,-134.181793212891,87.7813568115234,9.06999588012695,True,0.256917059421539,0.724349021911621,True,-133.478973388672,77.1417999267578,5.19747686386108,True,0.258190274238586,0.760814070701599,True,2.70549011230469,True,2.46537780761719
813,186.598546233333,True,-47.1777038574219,-79.8456268310547,593.672485351563,True,10.9739904403687,-79.8514633178711,588.139282226563,True,-134.053894042969,87.3555145263672,8.91497707366943,True,0.257148742675781,0.725808620452881,True,-133.356842041016,76.1963348388672,4.85333728790283,True,0.258411526679993,0.764054477214813,True,2.70794677734375,True,2.46966552734375
814,186.6002129,True,-47.1817665100098,-79.8428344726563,593.688171386719,True,10.9753618240356,-79.8565826416016,588.154418945313,True,-133.807434082031,88.8136901855469,9.44574356079102,True,0.257595241069794,0.720810949802399,True,-133.222503662109,80.1741943359375,6.30119466781616,True,0.258654892444611,0.750421106815338,True,2.69271850585938,True,2.46197509765625
815,186.601879566667,True,-47.1825408935547,-79.8436737060547,593.684814453125,True,10.9726448059082,-79.8520202636719,588.138061523438,True,-133.849792480469,87.899169921875,9.11289596557617,True,0.257518470287323,0.723945140838623,True,-131.190994262695,78.3527221679688,5.63825988769531,True,0.262335181236267,0.756663799285889,True,2.699462890625,True,2.47776794433594
816,186.603546233333,True,-47.1851692199707,-79.8432769775391,593.68896484375,True,10.9734592437744,-79.855354309082,588.170349121094,True,-133.185165405273,89.0562591552734,9.53404235839844,True,0.258722543716431,0.719979584217072,True,-131.224349975586,76.8838577270508,5.10362482070923,True,0.262274742126465,0.761698126792908,True,2.69259643554688,True,2.47100830078125
817,186.6052129,True,-47.1897125244141,-79.8430328369141,593.721008300781,True,10.9714698791504,-79.8532867431641,588.157043457031,True,-134.78173828125,89.8729400634766,9.83126544952393,True,0.255830198526382,0.717180609703064,True,-130.957901000977,82.1952667236328,7.03682374954224,True,0.262757420539856,0.743494272232056,True,2.69384765625,True,2.45233154296875
818,186.606879566667,True,-47.1947708129883,-79.8439865112305,593.737854003906,True,10.9732875823975,-79.8524932861328,588.162719726563,True,-133.490600585938,87.8345260620117,9.0893440246582,True,0.258169233798981,0.724166810512543,True,-132.709930419922,81.1064224243164,6.64054107666016,True,0.259583473205566,0.747226059436798,True,2.70281982421875,True,2.46365356445313
819,186.608546233333,True,-47.1947975158691,-79.8422164916992,593.717468261719,True,10.9773960113525,-79.8525466918945,588.182983398438,True,-134.052490234375,89.2283935546875,9.59666347503662,True,0.257151305675507,0.719389617443085,True,-132.44108581543,75.7325286865234,4.68459177017212,True,0.260070502758026,0.765643954277039,True,2.70050048828125,True,2.46815490722656
820,186.6102129,True,-47.1966590881348,-79.8420104980469,593.719848632813,True,10.9770135879517,-79.8546447753906,588.172302246094,True,-134.443984985352,89.2885589599609,9.61854839324951,True,0.256442070007324,0.719183385372162,True,-132.986358642578,79.3519134521484,6.00194597244263,True,0.259082704782486,0.753239274024963,True,2.69575500488281,True,2.44956970214844
821,186.611879566667,True,-47.2036209106445,-79.8417892456055,593.742309570313,True,10.9790267944336,-79.8505706787109,588.156616210938,True,-132.874664306641,87.4067535400391,8.93364429473877,True,0.259285032749176,0.725632965564728,True,-133.759063720703,75.1568145751953,4.47506618499756,True,0.257682830095291,0.767617106437683,True,2.71292114257813,True,2.4912109375
822,186.613546233333,True,-47.205322265625,-79.8412322998047,593.743530273438,True,10.977855682373,-79.8506317138672,588.158874511719,True,-133.678497314453,87.8002014160156,9.07680892944336,True,0.257828772068024,0.724284529685974,True,-133.234558105469,74.7288208007813,4.31927156448364,True,0.258633077144623,0.76908403635025,True,2.70838928222656,True,2.48246765136719
823,186.6152129,True,-47.2061386108398,-79.8428649902344,593.743713378906,True,10.975191116333,-79.8522109985352,588.170043945313,True,-135.932113647461,89.0942916870117,9.54785442352295,True,0.253746151924133,0.719849228858948,True,-131.249938964844,79.6932754516602,6.12614154815674,True,0.26222836971283,0.752069354057312,True,2.70513916015625,True,2.47325134277344
824,186.616879566667,True,-47.2068710327148,-79.8368072509766,593.709411621094,True,10.979663848877,-79.8542785644531,588.1767578125,True,-132.94416809082,86.6243591308594,8.64888000488281,True,0.259159117937088,0.728314518928528,True,-132.956359863281,76.6432800292969,5.01608180999756,True,0.259137004613876,0.762522578239441,True,2.72227478027344,True,2.46986389160156
825,186.618546233333,True,-47.2145004272461,-79.8414077758789,593.745483398438,True,10.9775733947754,-79.8507080078125,588.169067382813,True,-133.147583007813,88.6106567382813,9.37181758880615,True,0.258790642023087,0.721506774425507,True,-132.886245727539,76.7606201171875,5.05873823165894,True,0.259264051914215,0.762120485305786,True,2.71330261230469,True,2.48687744140625
826,186.6202129,True,-47.2135620117188,-79.8411560058594,593.71142578125,True,10.9791259765625,-79.8514938354492,588.173278808594,True,-133.286178588867,88.6088409423828,9.37119197845459,True,0.258539527654648,0.721512913703918,True,-132.520751953125,75.5951538085938,4.63457441329956,True,0.259926170110703,0.766114830970764,True,2.70841979980469,True,2.48622131347656
827,186.621879566667,True,-47.2181167602539,-79.8380889892578,593.7333984375,True,10.9812984466553,-79.8492050170898,588.172302246094,True,-133.763076782227,89.6730499267578,9.75849723815918,True,0.257675588130951,0.717865645885468,True,-132.908096313477,77.3692016601563,5.28027153015137,True,0.259224474430084,0.760034680366516,True,2.70942687988281,True,2.47747802734375
828,186.623546233333,True,-47.2221755981445,-79.8427581787109,593.738586425781,True,10.9795398712158,-79.8482437133789,588.182495117188,True,-132.943283081055,90.6102066040039,10.0995693206787,True,0.259160757064819,0.714653789997101,True,-132.602523803711,76.594108581543,4.99821043014526,True,0.259778022766113,0.762691080570221,True,2.70074462890625,True,2.47723388671875
829,186.6252129,True,-47.2240600585938,-79.8378448486328,593.748229980469,True,10.9828405380249,-79.8500213623047,588.179931640625,True,-132.966461181641,89.3964233398438,9.65778732299805,True,0.259118735790253,0.71881377696991,True,-132.045883178711,76.7966690063477,5.07191610336304,True,0.260786473751068,0.761996865272522,True,2.70950317382813,True,2.49139404296875
830,186.626879566667,True,-47.2306365966797,-79.840705871582,593.7607421875,True,10.9852924346924,-79.8498229980469,588.179443359375,True,-131.734222412109,88.6017456054688,9.36857032775879,True,0.261351078748703,0.721537351608276,True,-133.100540161133,78.7829895019531,5.79485368728638,True,0.258875817060471,0.755189180374146,True,2.72186279296875,True,2.4757080078125
831,186.628546233333,True,-47.2289772033691,-79.8433380126953,593.7509765625,True,10.9785470962524,-79.8481674194336,588.194885253906,True,-133.292205810547,90.9625701904297,10.2278308868408,True,0.258528649806976,0.713446080684662,True,-131.916000366211,80.7533874511719,6.51204776763916,True,0.261021763086319,0.748435974121094,True,2.69792175292969,True,2.47090148925781
832,186.6302129,True,-47.234691619873,-79.8405838012695,593.756958007813,True,10.9804887771606,-79.8484573364258,588.206176757813,True,-132.370849609375,90.60009765625,10.0959300994873,True,0.260197758674622,0.714688360691071,True,-129.656402587891,77.4219512939453,5.29944515228271,True,0.265115201473236,0.759853839874268,True,2.70240783691406,True,2.47200012207031
833,186.631879566667,True,-47.2323226928711,-79.8413543701172,593.714477539063,True,10.9831638336182,-79.8458709716797,588.188354492188,True,-132.270217895508,90.2640380859375,9.97359657287598,True,0.26038008928299,0.715840220451355,True,-132.761093139648,77.5764465332031,5.3557333946228,True,0.259490787982941,0.759324312210083,True,2.70611572265625,True,2.48394775390625
834,186.633546233333,True,-47.2378845214844,-79.8414077758789,593.749145507813,True,10.9850883483887,-79.8460845947266,588.196838378906,True,-132.259368896484,91.0358428955078,10.254545211792,True,0.260399699211121,0.713194847106934,True,-132.49446105957,74.8363723754883,4.35838937759399,True,0.2599738240242,0.768715441226959,True,2.71163940429688,True,2.49465942382813
835,186.6352129,True,-47.2405090332031,-79.842529296875,593.750183105469,True,10.9870529174805,-79.844841003418,588.179321289063,True,-131.613143920898,89.8452301025391,9.82119655609131,True,0.261570394039154,0.717275500297546,True,-133.718627929688,76.1280212402344,4.82852172851563,True,0.257756054401398,0.764288485050201,True,2.72462463378906,True,2.49468994140625
836,186.636879566667,True,-47.2421226501465,-79.8394317626953,593.733642578125,True,10.9882125854492,-79.8421936035156,588.18115234375,True,-131.628295898438,88.0801849365234,9.17871570587158,True,0.261542946100235,0.72332489490509,True,-133.213745117188,77.0039978027344,5.14735698699951,True,0.258670747280121,0.761286377906799,True,2.72077941894531,True,2.48867797851563
837,186.638546233333,True,-47.246166229248,-79.8370666503906,593.742492675781,True,10.9851875305176,-79.8408584594727,588.172668457031,True,-130.949661254883,87.1833724975586,8.85235118865967,True,0.262772351503372,0.726398527622223,True,-132.512588500977,76.2060699462891,4.85693168640137,True,0.259940981864929,0.764021098613739,True,2.73570251464844,True,2.5054931640625
838,186.6402129,True,-47.2452850341797,-79.8368148803711,593.711669921875,True,10.9866161346436,-79.8410339355469,588.186950683594,True,-131.966705322266,87.6137237548828,9.00896072387695,True,0.26092991232872,0.724923610687256,True,-133.582702636719,75.5218048095703,4.60788345336914,True,0.258002310991287,0.766366243362427,True,2.73014831542969,True,2.49600219726563
839,186.641879566667,True,-47.2470397949219,-79.8404006958008,593.726928710938,True,10.9853162765503,-79.8403472900391,588.20751953125,True,-133.757293701172,89.5895843505859,9.7281494140625,True,0.257686078548431,0.718151688575745,True,-131.219924926758,76.7162551879883,5.0426139831543,True,0.262282758951187,0.762272477149963,True,2.72288513183594,True,2.50213623046875
840,186.643546233333,True,-47.2501220703125,-79.8419570922852,593.733032226563,True,10.9869251251221,-79.8415832519531,588.207885742188,True,-133.622451782227,90.0316162109375,9.88901138305664,True,0.257930338382721,0.716636776924133,True,-133.902984619141,78.1935958862305,5.58033990859985,True,0.257422149181366,0.757209181785583,True,2.71676635742188,True,2.48056030273438
841,186.6452129,True,-47.2521743774414,-79.8405151367188,593.727416992188,True,10.9875831604004,-79.8422088623047,588.1953125,True,-133.629730224609,90.0991744995117,9.9135913848877,True,0.257917165756226,0.716405272483826,True,-132.335510253906,76.2351837158203,4.86750602722168,True,0.260261744260788,0.76392126083374,True,2.71749877929688,True,2.49969482421875
842,186.646879566667,True,-47.2522430419922,-79.8395919799805,593.708312988281,True,10.9877138137817,-79.8424453735352,588.202575683594,True,-133.071533203125,89.4725036621094,9.68550586700439,True,0.258928418159485,0.718553066253662,True,-132.507675170898,75.8600006103516,4.73094034194946,True,0.259949892759323,0.765207171440125,True,2.73281860351563,True,2.49632263183594
843,186.648546233333,True,-47.2559127807617,-79.8468399047852,593.722412109375,True,10.9818859100342,-79.8361282348633,588.1904296875,True,-134.251388549805,92.9467010498047,10.9500112533569,True,0.256790965795517,0.706645846366882,True,-131.226959228516,75.8042449951172,4.71069669723511,True,0.26227006316185,0.765398263931274,True,2.71165466308594,True,2.4814453125
844,186.6502129,True,-47.2594947814941,-79.8393478393555,593.712951660156,True,10.9827518463135,-79.8388824462891,588.221069335938,True,-131.164337158203,86.8773651123047,8.74092292785645,True,0.262383431196213,0.727447271347046,True,-132.808441162109,76.7281188964844,5.04692554473877,True,0.259405046701431,0.762231886386871,True,2.74635314941406,True,2.48506164550781
845,186.651879566667,True,-47.2604064941406,-79.8392028808594,593.688842773438,True,10.9864826202393,-79.8436737060547,588.2275390625,True,-131.744598388672,88.4889297485352,9.32747650146484,True,0.261332273483276,0.721924066543579,True,-132.140014648438,77.203239440918,5.21988201141357,True,0.260615944862366,0.760603547096252,True,2.73985290527344,True,2.49884033203125
846,186.653546233333,True,-47.2583618164063,-79.8415222167969,593.667907714844,True,10.9823770523071,-79.8409576416016,588.224731445313,True,-132.822616577148,87.8262786865234,9.08632755279541,True,0.259379327297211,0.724195003509521,True,-130.114608764648,77.0657272338867,5.16982555389404,True,0.264285147190094,0.761074781417847,True,2.74134826660156,True,2.49835205078125
847,186.6552129,True,-47.2629356384277,-79.8414001464844,593.673645019531,True,10.9828681945801,-79.8406372070313,588.23291015625,True,-132.815719604492,91.1835250854492,10.3082408905029,True,0.259391814470291,0.712688803672791,True,-132.737808227539,77.1795196533203,5.21121692657471,True,0.259532958269119,0.760684788227081,True,2.72499084472656,True,2.49539184570313
848,186.656879566667,True,-47.2644157409668,-79.8399963378906,593.656494140625,True,10.9855422973633,-79.8414916992188,588.205688476563,True,-131.70263671875,88.9385833740234,9.49117183685303,True,0.261408269405365,0.720382869243622,True,-132.904647827148,77.1954345703125,5.21704006195068,True,0.259230703115463,0.760630249977112,True,2.74609375,True,2.50442504882813
849,186.658546233333,True,-47.265625,-79.8368301391602,593.651733398438,True,10.9866924285889,-79.8435821533203,588.228210449219,True,-132.446578979492,86.8564453125,8.73336791992188,True,0.260060518980026,0.727518916130066,True,-132.192031860352,78.6795272827148,5.75718688964844,True,0.260521709918976,0.755543828010559,True,2.75056457519531,True,2.49070739746094
850,186.6602129,True,-47.2684593200684,-79.8412094116211,593.653198242188,True,10.9839172363281,-79.8410873413086,588.234191894531,True,-132.739212036133,89.5915679931641,9.72884750366211,True,0.259530425071716,0.71814489364624,True,-132.336547851563,75.6706085205078,4.66202783584595,True,0.2602598965168,0.765856266021729,True,2.748779296875,True,2.50970458984375
851,186.661879566667,True,-47.2700996398926,-79.8375091552734,593.635314941406,True,10.9832448959351,-79.8402557373047,588.235229492188,True,-133.045959472656,88.0078125,9.15243721008301,True,0.258974701166153,0.723572850227356,True,-132.042037963867,76.13720703125,4.83187007904053,True,0.260793387889862,0.76425701379776,True,2.74392700195313,True,2.50759887695313
852,186.663546233333,True,-47.2740821838379,-79.8387451171875,593.620971679688,True,10.9822692871094,-79.8407135009766,588.22607421875,True,-132.867553710938,90.9360733032227,10.2182083129883,True,0.259297966957092,0.713536858558655,True,-131.171722412109,75.9101791381836,4.74922704696655,True,0.262370049953461,0.765035152435303,True,2.74330139160156,True,2.50567626953125
853,186.6652129,True,-47.2739639282227,-79.8380432128906,593.6318359375,True,10.9780235290527,-79.8401947021484,588.233520507813,True,-134.618728637695,87.4850616455078,8.96213436126709,True,0.256125509738922,0.725364565849304,True,-132.296173095703,77.3577346801758,5.27606248855591,True,0.260333061218262,0.760074019432068,True,2.75527954101563,True,2.51274108886719
854,186.666879566667,True,-47.2800064086914,-79.8432922363281,593.648620605469,True,10.9797410964966,-79.8417510986328,588.243347167969,True,-132.887161254883,89.9863739013672,9.87256813049316,True,0.259262382984161,0.716791749000549,True,-131.102111816406,76.0610198974609,4.80409669876099,True,0.262496203184128,0.764518260955811,True,2.74111938476563,True,2.5146484375
855,186.668546233333,True,-47.2801818847656,-79.8425598144531,593.635009765625,True,10.9809131622314,-79.8441009521484,588.236206054688,True,-133.052032470703,89.6367645263672,9.74529647827148,True,0.258963733911514,0.717990040779114,True,-133.25830078125,77.8866577148438,5.46863746643066,True,0.25858998298645,0.75826108455658,True,2.74333190917969,True,2.50212097167969
856,186.6702129,True,-47.2833480834961,-79.8444900512695,593.636657714844,True,10.9783535003662,-79.8423690795898,588.258911132813,True,-132.961059570313,90.5311126708984,10.0708084106445,True,0.259128540754318,0.714924812316895,True,-131.810913085938,78.2388458251953,5.59679222106934,True,0.261212110519409,0.757054150104523,True,2.74307250976563,True,2.50662231445313
857,186.671879566667,True,-47.2861480712891,-79.8443298339844,593.633666992188,True,10.979642868042,-79.8423538208008,588.23046875,True,-133.177764892578,89.8047485351563,9.80642890930176,True,0.258735924959183,0.717414259910583,True,-133.327484130859,77.4258270263672,5.30086421966553,True,0.258464694023132,0.759840607643127,True,2.74847412109375,True,2.50169372558594
858,186.673546233333,True,-47.2905883789063,-79.8477783203125,593.656372070313,True,10.9775543212891,-79.8433456420898,588.262878417969,True,-133.156585693359,92.0226745605469,10.6136989593506,True,0.25877434015274,0.709812760353088,True,-133.736923217773,77.2562103271484,5.23916101455688,True,0.25772300362587,0.760421812534332,True,2.73980712890625,True,2.49003601074219
859,186.6752129,True,-47.2919921875,-79.8460693359375,593.654357910156,True,10.9739036560059,-79.8417205810547,588.255615234375,True,-131.884735107422,87.6275329589844,9.01399421691895,True,0.261078387498856,0.724876284599304,True,-131.375183105469,77.3367919921875,5.26847743988037,True,0.26200145483017,0.760145783424377,True,2.75361633300781,True,2.51728820800781
860,186.676879566667,True,-47.2909240722656,-79.8416290283203,593.632080078125,True,10.9727821350098,-79.8428192138672,588.23974609375,True,-134.222579956055,89.7947998046875,9.80280685424805,True,0.25684317946434,0.71744841337204,True,-133.31982421875,77.9639663696289,5.49671983718872,True,0.258478611707687,0.757996261119843,True,2.75010681152344,True,2.50990295410156
861,186.678546233333,True,-47.2964630126953,-79.8434600830078,593.637573242188,True,10.969612121582,-79.8405609130859,588.254028320313,True,-132.706726074219,90.2381439208984,9.96414566040039,True,0.259589284658432,0.715928971767426,True,-132.769256591797,76.877311706543,5.10119867324829,True,0.259475976228714,0.761720597743988,True,2.76756286621094,True,2.515380859375
862,186.6802129,True,-47.2970924377441,-79.8429641723633,593.633972167969,True,10.9618263244629,-79.842643737793,588.288452148438,True,-132.61799621582,88.0765228271484,9.17739105224609,True,0.259750008583069,0.723337471485138,True,-132.16357421875,77.3750534057617,5.28235292434692,True,0.260573238134384,0.760014712810516,True,2.75839233398438,True,2.51223754882813
863,186.681879566667,True,-47.3000183105469,-79.8488998413086,593.641845703125,True,10.9661550521851,-79.8419876098633,588.234741210938,True,-133.848907470703,89.3135681152344,9.62766265869141,True,0.257520109415054,0.71909773349762,True,-131.446136474609,76.2669830322266,4.87911176681519,True,0.261872947216034,0.763812303543091,True,2.75559997558594,True,2.51602172851563
864,186.683546233333,True,-47.3063507080078,-79.8445892333984,593.666137695313,True,10.9655151367188,-79.8428726196289,588.235656738281,True,-134.573944091797,88.2844390869141,9.25312042236328,True,0.256206631660461,0.722624838352203,True,-131.134704589844,77.2998657226563,5.25499963760376,True,0.262437164783478,0.76027238368988,True,2.76344299316406,True,2.51518249511719
865,186.6852129,True,-47.3118553161621,-79.8439178466797,593.684692382813,True,10.9605913162231,-79.8391876220703,588.25439453125,True,-133.109283447266,86.9283294677734,8.75948715209961,True,0.258860051631927,0.727272689342499,True,-131.435119628906,77.1577529907227,5.20328235626221,True,0.261892855167389,0.760759353637695,True,2.77206420898438,True,2.51181030273438
866,186.686879566667,True,-47.3162307739258,-79.8498992919922,593.694946289063,True,10.950267791748,-79.8424606323242,588.301879882813,True,-133.941070556641,88.4838562011719,9.32565593719482,True,0.257353127002716,0.721941411495209,True,-130.727264404297,76.0158081054688,4.78767538070679,True,0.263175278902054,0.764673233032227,True,2.7744140625,True,2.51705932617188
867,186.688546233333,True,-47.3205108642578,-79.8504257202148,593.715148925781,True,10.9580821990967,-79.8383483886719,588.243530273438,True,-135.137817382813,88.6714782714844,9.39397811889648,True,0.255185127258301,0.721298217773438,True,-133.567642211914,74.8065338134766,4.34749507904053,True,0.258029609918594,0.768817663192749,True,2.77040100097656,True,2.51814270019531
868,186.6902129,True,-47.3263473510742,-79.8526458740234,593.732543945313,True,10.9550151824951,-79.8377532958984,588.245666503906,True,-133.836013793945,88.7944412231445,9.438720703125,True,0.257543444633484,0.72087687253952,True,-133.152084350586,76.2471466064453,4.87185668945313,True,0.258782476186752,0.763880372047424,True,2.76603698730469,True,2.5198974609375
869,186.691879566667,True,-47.3306884765625,-79.86083984375,593.74853515625,True,10.952787399292,-79.8412933349609,588.269165039063,True,-134.465850830078,90.3533630371094,10.0060863494873,True,0.256402492523193,0.715534090995789,True,-132.391571044922,73.5960998535156,3.90698313713074,True,0.260160207748413,0.772966265678406,True,2.76809692382813,True,2.53849792480469
870,186.693546233333,True,-47.3372268676758,-79.8540802001953,593.72607421875,True,10.9497165679932,-79.8377532958984,588.263610839844,True,-133.122955322266,89.9650955200195,9.86479187011719,True,0.258835226297379,0.716864705085754,True,-131.187362670898,74.814208984375,4.35033416748047,True,0.262341767549515,0.768791437149048,True,2.77378845214844,True,2.52964782714844
871,186.6952129,True,-47.3381538391113,-79.8542785644531,593.739624023438,True,10.9465703964233,-79.8387603759766,588.27197265625,True,-135.018127441406,88.3183670043945,9.26546478271484,True,0.255401968955994,0.722508549690247,True,-131.33576965332,76.7982864379883,5.0724925994873,True,0.262072920799255,0.761991322040558,True,2.79145812988281,True,2.52247619628906
872,186.696879566667,True,-47.3500137329102,-79.855712890625,593.7685546875,True,10.9434747695923,-79.8379821777344,588.255676269531,True,-133.005645751953,86.7319946289063,8.68801593780518,True,0.259047746658325,0.727945506572723,True,-130.418502807617,74.0953369140625,4.08867168426514,True,0.263734608888626,0.771255195140839,True,2.78651428222656,True,2.53805541992188
873,186.698546233333,True,-47.3490600585938,-79.8567123413086,593.725463867188,True,10.9376487731934,-79.8370361328125,588.283447265625,True,-133.391479492188,87.8591766357422,9.0983247756958,True,0.258348792791367,0.724082291126251,True,-130.575653076172,77.2638702392578,5.24192523956299,True,0.263449907302856,0.760395705699921,True,2.78373718261719,True,2.528076171875
874,186.7002129,True,-47.3576240539551,-79.8563003540039,593.736206054688,True,10.9393644332886,-79.8392944335938,588.268432617188,True,-132.624374389648,88.1313934326172,9.19740295410156,True,0.259738445281982,0.723149299621582,True,-130.260711669922,76.2649993896484,4.87835931777954,True,0.264020472764969,0.763819098472595,True,2.77398681640625,True,2.54512023925781
875,186.701879566667,True,-47.3618965148926,-79.8623886108398,593.73583984375,True,10.9353904724121,-79.838005065918,588.272705078125,True,-134.149749755859,89.8390579223633,9.81890964508057,True,0.256975084543228,0.717296719551086,True,-130.663330078125,76.1971740722656,4.85370302200317,True,0.263291090726852,0.764051556587219,True,2.7713623046875,True,2.54177856445313
876,186.703546233333,True,-47.3673782348633,-79.8624496459961,593.771179199219,True,10.9351139068604,-79.8401794433594,588.272033691406,True,-131.325210571289,88.5956573486328,9.36634349822998,True,0.262092024087906,0.721558213233948,True,-132.41845703125,76.4844665527344,4.9582691192627,True,0.260111480951309,0.76306688785553,True,2.78955078125,True,2.53363037109375
877,186.7052129,True,-47.3713760375977,-79.863525390625,593.765686035156,True,10.9351873397827,-79.8409118652344,588.263427734375,True,-132.855621337891,88.6026229858398,9.36889934539795,True,0.259319573640823,0.721534371376038,True,-131.637237548828,76.7146606445313,5.04205417633057,True,0.261526763439178,0.762277960777283,True,2.78715515136719,True,2.54129028320313
878,186.706879566667,True,-47.3743133544922,-79.8642120361328,593.750244140625,True,10.9308013916016,-79.8374099731445,588.257568359375,True,-132.774871826172,88.053581237793,9.16906356811523,True,0.259465843439102,0.723415970802307,True,-130.854309082031,75.346794128418,4.54418420791626,True,0.262945055961609,0.766966044902802,True,2.79220581054688,True,2.53582763671875
879,186.708546233333,True,-47.377124786377,-79.8602828979492,593.729248046875,True,10.9282073974609,-79.8348388671875,588.249877929688,True,-134.000091552734,89.7317810058594,9.77992057800293,True,0.257246196269989,0.717664241790771,True,-130.934844970703,76.6433715820313,5.01608037948608,True,0.262799173593521,0.762522280216217,True,2.79290771484375,True,2.54122924804688
880,186.7102129,True,-47.3798446655273,-79.8607559204102,593.69873046875,True,10.9251918792725,-79.8361892700195,588.239562988281,True,-132.293853759766,86.6938247680664,8.67415809631348,True,0.260337203741074,0.728076338768005,True,-130.412292480469,74.5331878662109,4.2480263710022,True,0.263745844364166,0.769754588603973,True,2.78549194335938,True,2.53973388671875
881,186.711879566667,True,-47.3835067749023,-79.8638610839844,593.707275390625,True,10.9224519729614,-79.8338165283203,588.23046875,True,-131.478332519531,85.1839981079102,8.12459468841553,True,0.261814594268799,0.733251094818115,True,-133.028594970703,76.4278793334961,4.93766212463379,True,0.259006142616272,0.763260841369629,True,2.81199645996094,True,2.55253601074219
882,186.713546233333,True,-47.3878860473633,-79.8694000244141,593.728393554688,True,10.9201955795288,-79.8369827270508,588.234130859375,True,-133.782104492188,87.1472778320313,8.83920097351074,True,0.257641136646271,0.726522266864777,True,-131.091552734375,76.5606918334961,4.98599815368652,True,0.262515306472778,0.762805640697479,True,2.80584716796875,True,2.53298950195313
883,186.7152129,True,-47.39013671875,-79.8664627075195,593.704895019531,True,10.9189929962158,-79.8361358642578,588.227478027344,True,-133.010986328125,85.8664093017578,8.37299346923828,True,0.259038060903549,0.730912089347839,True,-131.236618041992,76.6312942504883,5.01167821884155,True,0.262252509593964,0.762563705444336,True,2.81642150878906,True,2.53926086425781
884,186.716879566667,True,-47.3962097167969,-79.8666915893555,593.710510253906,True,10.9142656326294,-79.8365020751953,588.238525390625,True,-132.670745849609,89.1775054931641,9.57816505432129,True,0.259654462337494,0.719564020633698,True,-131.434997558594,76.0929412841797,4.81574249267578,True,0.261893153190613,0.764408886432648,True,2.80021667480469,True,2.54238891601563
885,186.718546233333,True,-47.401309967041,-79.8696060180664,593.705810546875,True,10.9130220413208,-79.8354034423828,588.257446289063,True,-133.031372070313,90.4296951293945,10.0338659286499,True,0.259001135826111,0.715272426605225,True,-130.756134033203,77.4874038696289,5.32332706451416,True,0.263122975826263,0.759629607200623,True,2.80316162109375,True,2.55073547363281
886,186.7202129,True,-47.4042663574219,-79.8724517822266,593.705688476563,True,10.911190032959,-79.8374710083008,588.249572753906,True,-131.599105834961,86.7338562011719,8.68874740600586,True,0.261595815420151,0.727939128875732,True,-131.623596191406,75.1775894165039,4.48260116577148,True,0.261551469564438,0.767545938491821,True,2.822021484375,True,2.55085754394531
887,186.721879566667,True,-47.403076171875,-79.8711471557617,593.66748046875,True,10.9047622680664,-79.8352737426758,588.237670898438,True,-132.386337280273,87.6775512695313,9.03226470947266,True,0.260169684886932,0.724704742431641,True,-131.131103515625,77.2134704589844,5.22358417510986,True,0.262443661689758,0.760568380355835,True,2.80743408203125,True,2.542724609375
888,186.723546233333,True,-47.4079895019531,-79.873161315918,593.67431640625,True,10.9080085754395,-79.8379669189453,588.227844238281,True,-131.052352905273,87.859001159668,9.09823322296143,True,0.262586325407028,0.724082887172699,True,-131.011032104492,77.0898284912109,5.17859554290771,True,0.262661159038544,0.760992169380188,True,2.81185913085938,True,2.55485534667969
889,186.7252129,True,-47.4074859619141,-79.8736724853516,593.656372070313,True,10.9040536880493,-79.8386459350586,588.267761230469,True,-133.435760498047,87.5295867919922,8.97833919525146,True,0.258268535137177,0.725211918354034,True,-131.34065246582,79.1609649658203,5.93238210678101,True,0.262064039707184,0.753893792629242,True,2.80484008789063,True,2.53912353515625
890,186.726879566667,True,-47.4089584350586,-79.8690948486328,593.624389648438,True,10.9048471450806,-79.8388137817383,588.243408203125,True,-132.729904174805,87.2443542480469,8.87454605102539,True,0.259547293186188,0.726189494132996,True,-131.982818603516,75.770866394043,4.69851922988892,True,0.260900735855103,0.765512645244598,True,2.8123779296875,True,2.56271362304688
891,186.728546233333,True,-47.4121742248535,-79.8770217895508,593.648986816406,True,10.8995065689087,-79.8389358520508,588.221862792969,True,-132.021209716797,86.9669418334961,8.77356719970703,True,0.260831117630005,0.727140307426453,True,-131.136108398438,75.8808212280273,4.73853778839111,True,0.262434601783752,0.765135884284973,True,2.81924438476563,True,2.54730224609375
892,186.7302129,True,-47.4091415405273,-79.87548828125,593.611083984375,True,10.9024496078491,-79.8423461914063,588.242736816406,True,-133.30534362793,86.8079071044922,8.71565818786621,True,0.258504807949066,0.727685332298279,True,-132.965255737305,76.9930114746094,5.14333868026733,True,0.259120911359787,0.761323928833008,True,2.82269287109375,True,2.55552673339844
893,186.731879566667,True,-47.4104385375977,-79.8783416748047,593.603820800781,True,10.9009599685669,-79.8414306640625,588.241882324219,True,-132.9794921875,85.4771881103516,8.23133277893066,True,0.259095132350922,0.732246160507202,True,-133.084625244141,77.3594818115234,5.27677249908447,True,0.258904665708542,0.760067939758301,True,2.83779907226563,True,2.56227111816406
894,186.733546233333,True,-47.4130859375,-79.8753204345703,593.591735839844,True,10.8937168121338,-79.840576171875,588.230224609375,True,-133.333465576172,88.5604858398438,9.35356521606445,True,0.258453875780106,0.721678733825684,True,-131.602355957031,78.9295196533203,5.84815216064453,True,0.261589914560318,0.754686951637268,True,2.82778930664063,True,2.55316162109375
895,186.7352129,True,-47.4121208190918,-79.8766632080078,593.584594726563,True,10.8966627120972,-79.8399047851563,588.234741210938,True,-133.232025146484,87.1011657714844,8.8223991394043,True,0.258637636899948,0.726680278778076,True,-132.759704589844,76.0215682983398,4.78976821899414,True,0.259493291378021,0.764653384685516,True,2.82467651367188,True,2.56114196777344
896,186.736879566667,True,-47.4152145385742,-79.8744583129883,593.587951660156,True,10.8932514190674,-79.8472137451172,588.271545410156,True,-133.302093505859,86.9733047485352,8.77586555480957,True,0.258510679006577,0.727118492126465,True,-130.793304443359,78.1654357910156,5.57011032104492,True,0.263055622577667,0.757305681705475,True,2.82699584960938,True,2.5458984375
897,186.738546233333,True,-47.414722442627,-79.8747100830078,593.5830078125,True,10.8927993774414,-79.8467712402344,588.267456054688,True,-133.883605957031,84.8930358886719,8.01875877380371,True,0.257457256317139,0.734248161315918,True,-132.426513671875,75.9770050048828,4.77355575561523,True,0.260096907615662,0.764806151390076,True,2.83160400390625,True,2.56556701660156
898,186.7402129,True,-47.4204940795898,-79.8805313110352,593.602783203125,True,10.8901033401489,-79.845947265625,588.238342285156,True,-134.760025024414,88.202751159668,9.22336769104004,True,0.255869507789612,0.722904801368713,True,-131.081146240234,79.1832580566406,5.94051122665405,True,0.26253417134285,0.753817319869995,True,2.81295776367188,True,2.56289672851563
899,186.741879566667,True,-47.4204406738281,-79.8846282958984,593.585510253906,True,10.8891572952271,-79.849494934082,588.25341796875,True,-132.199295043945,85.1760101318359,8.12172603607178,True,0.26050853729248,0.733278393745422,True,-132.010147094727,78.8149719238281,5.80647563934326,True,0.260851204395294,0.755079567432404,True,2.83860778808594,True,2.55116271972656
900,186.743546233333,True,-47.4208755493164,-79.8867492675781,593.592529296875,True,10.8883609771729,-79.8497161865234,588.260498046875,True,-134.881011962891,85.8260650634766,8.35832214355469,True,0.255650371313095,0.731050491333008,True,-130.458465576172,79.0398406982422,5.88834095001221,True,0.263662189245224,0.754308879375458,True,2.83645629882813,True,2.562744140625
901,186.7452129,True,-47.4233589172363,-79.8867797851563,593.587707519531,True,10.88844871521,-79.8477630615234,588.237915039063,True,-133.866302490234,88.3853149414063,9.2898063659668,True,0.257488608360291,0.722279071807861,True,-132.360427856445,76.6619110107422,5.02284574508667,True,0.260216653347015,0.762458801269531,True,2.82524108886719,True,2.56593322753906
902,186.746879566667,True,-47.4268531799316,-79.8900985717773,593.60205078125,True,10.8890371322632,-79.8502960205078,588.230346679688,True,-133.61735534668,85.7135009765625,8.3173360824585,True,0.257939577102661,0.731436312198639,True,-132.453872680664,75.7638320922852,4.69591999053955,True,0.260047346353531,0.765536844730377,True,2.83493041992188,True,2.56040954589844
903,186.748546233333,True,-47.4289855957031,-79.8935165405273,593.613830566406,True,10.8859558105469,-79.8519439697266,588.238525390625,True,-134.350692749023,85.7181549072266,8.3190393447876,True,0.256611108779907,0.731420338153839,True,-132.225830078125,79.0260314941406,5.88333606719971,True,0.260460406541824,0.754356145858765,True,2.84503173828125,True,2.55674743652344
904,186.7502129,True,-47.4311943054199,-79.8971099853516,593.609252929688,True,10.8860883712769,-79.8531799316406,588.271789550781,True,-133.042022705078,86.5834884643555,8.63400173187256,True,0.258981794118881,0.72845447063446,True,-131.225967407227,75.8851699829102,4.74009418487549,True,0.262271791696548,0.76512086391449,True,2.83250427246094,True,2.56663513183594
905,186.751879566667,True,-47.4328842163086,-79.8992462158203,593.617370605469,True,10.8835697174072,-79.8553237915039,588.25,True,-133.587051391602,87.4011840820313,8.93163871765137,True,0.257994502782822,0.725651979446411,True,-130.884490966797,79.0811233520508,5.90331411361694,True,0.262890428304672,0.754167437553406,True,2.84269714355469,True,2.560546875
906,186.753546233333,True,-47.4353637695313,-79.9007720947266,593.622009277344,True,10.8891658782959,-79.8551712036133,588.253295898438,True,-134.093276977539,86.3964233398438,8.5659122467041,True,0.257077395915985,0.729095578193665,True,-133.206039428711,76.2594528198242,4.87633514404297,True,0.258684724569321,0.763838171958923,True,2.8369140625,True,2.57785034179688
907,186.7552129,True,-47.4365463256836,-79.9078750610352,593.636596679688,True,10.886736869812,-79.8563766479492,588.23681640625,True,-133.8486328125,87.1678771972656,8.84670829772949,True,0.257520586252213,0.726451635360718,True,-131.858551025391,76.2066192626953,4.85713195800781,True,0.261125802993774,0.764019191265106,True,2.84158325195313,True,2.57618713378906
908,186.756879566667,True,-47.4384994506836,-79.9095306396484,593.645751953125,True,10.8859987258911,-79.8586578369141,588.255737304688,True,-134.749404907227,86.2018203735352,8.49507522583008,True,0.255888730287552,0.729762554168701,True,-130.767913818359,75.0673522949219,4.44245433807373,True,0.263101607561111,0.767923772335052,True,2.85881042480469,True,2.56988525390625
909,186.758546233333,True,-47.4421081542969,-79.9114990234375,593.676696777344,True,10.8869247436523,-79.8598251342773,588.258056640625,True,-134.052734375,87.6268539428711,9.01374816894531,True,0.257150858640671,0.724878668785095,True,-131.648666381836,75.9130630493164,4.75025987625122,True,0.261506021022797,0.76502525806427,True,2.84469604492188,True,2.57914733886719
910,186.7602129,True,-47.4450988769531,-79.91796875,593.6982421875,True,10.8883647918701,-79.8640441894531,588.267272949219,True,-134.23779296875,87.5254364013672,8.97684574127197,True,0.256815612316132,0.725226163864136,True,-131.420074462891,79.4026641845703,6.02040004730225,True,0.261920154094696,0.753065347671509,True,2.84806823730469,True,2.57151794433594
911,186.761879566667,True,-47.4453887939453,-79.9176788330078,593.666625976563,True,10.8881378173828,-79.8653945922852,588.267028808594,True,-134.216247558594,89.0467529296875,9.53057193756104,True,0.256854593753815,0.720012187957764,True,-132.220977783203,78.1455230712891,5.5628604888916,True,0.260469257831573,0.757373869419098,True,2.84616088867188,True,2.5675048828125
912,186.763546233333,True,-47.4476203918457,-79.9215927124023,593.715698242188,True,10.8888807296753,-79.8644256591797,588.255493164063,True,-134.835113525391,87.8862915039063,9.10820198059082,True,0.255733489990234,0.723989367485046,True,-130.614837646484,75.3621139526367,4.54975318908691,True,0.263378918170929,0.766913592815399,True,2.84439086914063,True,2.57563781738281
913,186.7652129,True,-47.4471702575684,-79.9222106933594,593.678771972656,True,10.8885011672974,-79.8670425415039,588.266845703125,True,-133.244277954102,86.1579895019531,8.47914123535156,True,0.258615404367447,0.729912757873535,True,-132.483459472656,77.7944183349609,5.43503761291504,True,0.259993761777878,0.758577346801758,True,2.85972595214844,True,2.56956481933594
914,186.766879566667,True,-47.444652557373,-79.9229125976563,593.6591796875,True,10.8897686004639,-79.8687515258789,588.240600585938,True,-133.737213134766,86.0097961425781,8.42517280578613,True,0.257722437381744,0.730420708656311,True,-132.550689697266,78.0482482910156,5.52744483947754,True,0.259871959686279,0.757707297801971,True,2.87077331542969,True,2.57191467285156
915,186.768546233333,True,-47.4449157714844,-79.9253463745117,593.680541992188,True,10.8898944854736,-79.8696975708008,588.269409179688,True,-133.608474731445,86.2915344238281,8.5277214050293,True,0.25795567035675,0.72945511341095,True,-131.742630004883,78.8257293701172,5.81038951873779,True,0.261335790157318,0.755042791366577,True,2.87762451171875,True,2.56588745117188
916,186.7702129,True,-47.4476547241211,-79.9292755126953,593.70166015625,True,10.8918895721436,-79.8744659423828,588.27685546875,True,-134.427185058594,87.119873046875,8.8292293548584,True,0.256472527980804,0.726616203784943,True,-131.918670654297,78.189323425293,5.5787615776062,True,0.26101690530777,0.757223844528198,True,2.86390686035156,True,2.58747863769531
917,186.771879566667,True,-47.4487686157227,-79.92919921875,593.703491210938,True,10.8936128616333,-79.873161315918,588.259643554688,True,-133.271865844727,85.6882553100586,8.3081579208374,True,0.25856551527977,0.731522738933563,True,-130.951110839844,77.2821960449219,5.24859666824341,True,0.262769758701324,0.760332942008972,True,2.8768310546875,True,2.6038818359375
918,186.773546233333,True,-47.4468536376953,-79.9349212646484,593.697204589844,True,10.894681930542,-79.8744125366211,588.258483886719,True,-134.904983520508,86.2092437744141,8.4977855682373,True,0.255606949329376,0.729737162590027,True,-131.341644287109,78.0635681152344,5.53301620483398,True,0.262062251567841,0.757654845714569,True,2.86900329589844,True,2.58993530273438
919,186.7752129,True,-47.4452438354492,-79.9350814819336,593.6982421875,True,10.8967370986938,-79.8784637451172,588.263549804688,True,-135.053573608398,87.9172592163086,9.11942481994629,True,0.255337715148926,0.723883271217346,True,-131.048889160156,78.4219055175781,5.66339588165283,True,0.262592613697052,0.756426811218262,True,2.87371826171875,True,2.58798217773438
920,186.776879566667,True,-47.4455642700195,-79.9372787475586,593.70166015625,True,10.9003067016602,-79.882942199707,588.294982910156,True,-132.705261230469,85.1334533691406,8.10623168945313,True,0.259591907262802,0.733424186706543,True,-131.763137817383,76.5021820068359,4.96470785140991,True,0.261298686265945,0.763006210327148,True,2.88153076171875,True,2.58952331542969
921,186.778546233333,True,-47.4450149536133,-79.9398345947266,593.698913574219,True,10.9010829925537,-79.8821640014648,588.263305664063,True,-133.462341308594,85.2428283691406,8.14603137969971,True,0.25822040438652,0.733049392700195,True,-132.617797851563,76.4246444702148,4.93647909164429,True,0.259750336408615,0.763271927833557,True,2.88139343261719,True,2.59043884277344
922,186.7802129,True,-47.4440612792969,-79.9391479492188,593.702758789063,True,10.9021635055542,-79.8830642700195,588.255310058594,True,-133.672988891602,87.9770965576172,9.14119625091553,True,0.257838785648346,0.723678231239319,True,-130.69905090332,75.014892578125,4.42340755462646,True,0.263226360082626,0.76810359954834,True,2.87481689453125,True,2.59422302246094
923,186.781879566667,True,-47.4441680908203,-79.9437255859375,593.701843261719,True,10.9049072265625,-79.8876342773438,588.27197265625,True,-133.731674194336,87.4486083984375,8.94890213012695,True,0.257732480764389,0.725489497184753,True,-129.456192016602,77.0717315673828,5.17200469970703,True,0.265477955341339,0.761054217815399,True,2.8641357421875,True,2.58828735351563
924,186.783546233333,True,-47.4436798095703,-79.9413146972656,593.704406738281,True,10.9062938690186,-79.886589050293,588.23974609375,True,-133.572662353516,85.7088623046875,8.31564426422119,True,0.258020550012589,0.731452107429504,True,-130.492309570313,75.5701675415039,4.62547159194946,True,0.263600885868073,0.766200423240662,True,2.88677978515625,True,2.60594177246094
925,186.7852129,True,-47.4429550170898,-79.9448089599609,593.716918945313,True,10.9087314605713,-79.8900604248047,588.286682128906,True,-134.572357177734,86.7902526855469,8.70923042297363,True,0.256209492683411,0.727745831012726,True,-129.004760742188,76.591796875,4.99733924865723,True,0.266295731067657,0.76269918680191,True,2.8831787109375,True,2.599853515625
926,186.786879566667,True,-47.4384231567383,-79.9444885253906,593.687255859375,True,10.9106540679932,-79.8911743164063,588.275146484375,True,-134.885650634766,88.3273620605469,9.268723487854,True,0.255641937255859,0.722477674484253,True,-131.955764770508,77.807373046875,5.43975782394409,True,0.260949730873108,0.7585329413414,True,2.87847900390625,True,2.59036254882813
927,186.788546233333,True,-47.4364891052246,-79.9458084106445,593.667358398438,True,10.9120998382568,-79.8918685913086,588.295288085938,True,-133.324234008789,87.2221832275391,8.86647129058838,True,0.258470565080643,0.726265430450439,True,-131.424819946289,76.4607391357422,4.94957876205444,True,0.261911541223526,0.763148248195648,True,2.89622497558594,True,2.60997009277344
928,186.7902129,True,-47.433967590332,-79.9463348388672,593.671508789063,True,10.9173011779785,-79.8985824584961,588.292663574219,True,-133.70036315918,85.2082824707031,8.13348197937012,True,0.257789194583893,0.733167767524719,True,-131.330200195313,77.5698699951172,5.35332679748535,True,0.262082993984222,0.759346902370453,True,2.89656066894531,True,2.59831237792969
929,186.791879566667,True,-47.4314193725586,-79.9461669921875,593.639770507813,True,10.9172267913818,-79.8963394165039,588.293090820313,True,-132.54216003418,86.9609375,8.77138042449951,True,0.259887397289276,0.727160811424255,True,-127.323501586914,71.5221557617188,3.15211486816406,True,0.269341468811035,0.780074238777161,True,2.8858642578125,True,2.63272094726563
930,186.793546233333,True,-47.4313278198242,-79.9526062011719,593.656860351563,True,10.920859336853,-79.9020538330078,588.295349121094,True,-132.912689208984,86.9042129516602,8.75074672698975,True,0.259216159582138,0.727355301380157,True,-130.364044189453,74.9578399658203,4.4025993347168,True,0.263833254575729,0.768299162387848,True,2.88197326660156,True,2.6080322265625
931,186.7952129,True,-47.429069519043,-79.9513092041016,593.675354003906,True,10.9248857498169,-79.9043807983398,588.286865234375,True,-134.658477783203,87.910888671875,9.11713218688965,True,0.256053507328033,0.723905086517334,True,-130.815231323242,75.5015029907227,4.60049533843994,True,0.263015866279602,0.766435861587524,True,2.88752746582031,True,2.60389709472656
932,186.796879566667,True,-47.4266967773438,-79.9558410644531,593.675659179688,True,10.9274044036865,-79.9082412719727,588.320190429688,True,-134.016021728516,87.3992080688477,8.93092632293701,True,0.257217407226563,0.72565883398056,True,-129.334671020508,75.4096374511719,4.56701803207397,True,0.26569801568985,0.766750693321228,True,2.88595581054688,True,2.59962463378906
933,186.798546233333,True,-47.4267654418945,-79.9558944702148,593.677124023438,True,10.9291362762451,-79.9120330810547,588.319580078125,True,-134.040176391602,87.0244140625,8.79443073272705,True,0.257173627614975,0.726943373680115,True,-130.067123413086,77.0026626586914,5.14682769775391,True,0.264371156692505,0.761290967464447,True,2.89723205566406,True,2.60908508300781
934,186.8002129,True,-47.4220504760742,-79.9566955566406,593.657470703125,True,10.9317579269409,-79.9131240844727,588.331665039063,True,-133.093719482422,86.9400329589844,8.76378154754639,True,0.258888155221939,0.727232456207275,True,-128.865966796875,77.7634048461914,5.42377042770386,True,0.26654714345932,0.758683502674103,True,2.89041137695313,True,2.60092163085938
935,186.801879566667,True,-47.4187622070313,-79.9603729248047,593.657287597656,True,10.9355335235596,-79.9151306152344,588.334350585938,True,-133.379760742188,87.5896453857422,9.00022125244141,True,0.258369952440262,0.725005984306335,True,-131.059600830078,75.7471084594727,4.68988418579102,True,0.262573212385178,0.765594065189362,True,2.8935546875,True,2.5936279296875
936,186.803546233333,True,-47.4179267883301,-79.9604034423828,593.671203613281,True,10.9376564025879,-79.9252777099609,588.375,True,-133.739059448242,86.0686416625977,8.44663333892822,True,0.257719099521637,0.730219006538391,True,-128.905807495117,76.8336334228516,5.08534097671509,True,0.266474992036819,0.761870205402374,True,2.90571594238281,True,2.60165405273438
937,186.8052129,True,-47.4175491333008,-79.9630126953125,593.679016113281,True,10.9407606124878,-79.9232025146484,588.350524902344,True,-132.271713256836,85.8357543945313,8.36182117462158,True,0.26037734746933,0.731017231941223,True,-129.818267822266,76.507926940918,4.96680212020874,True,0.264822036027908,0.762986540794373,True,2.90513610839844,True,2.61013793945313
938,186.806879566667,True,-47.4179153442383,-79.9674530029297,593.68017578125,True,10.944673538208,-79.9325714111328,588.387756347656,True,-131.112609863281,87.5155792236328,8.97321796417236,True,0.262477189302444,0.725260019302368,True,-127.246673583984,75.9993515014648,4.78169250488281,True,0.269480675458908,0.764729499816895,True,2.91140747070313,True,2.60404968261719
939,186.808546233333,True,-47.4141159057617,-79.9702301025391,593.675415039063,True,10.9484920501709,-79.9332885742188,588.382751464844,True,-131.90446472168,87.018928527832,8.79248142242432,True,0.261042654514313,0.726962208747864,True,-129.568878173828,77.6362533569336,5.37747573852539,True,0.265273779630661,0.759119391441345,True,2.91683959960938,True,2.61787414550781
940,186.8102129,True,-47.4120254516602,-79.9674377441406,593.678955078125,True,10.9511566162109,-79.9366149902344,588.383056640625,True,-132.63069152832,86.3048248291016,8.53258895874023,True,0.259727001190186,0.729409575462341,True,-130.154083251953,79.2593078613281,5.96823740005493,True,0.264213651418686,0.753556728363037,True,2.91921997070313,True,2.61868286132813
941,186.811879566667,True,-47.4098930358887,-79.9694137573242,593.68017578125,True,10.9547319412231,-79.9363021850586,588.374145507813,True,-132.331726074219,87.1691589355469,8.8471794128418,True,0.260268598794937,0.726447105407715,True,-129.801452636719,76.7088470458984,5.03993320465088,True,0.264852434396744,0.762297809123993,True,2.90960693359375,True,2.615966796875
942,186.813546233333,True,-47.4068832397461,-79.9731216430664,593.697387695313,True,10.9589462280273,-79.9364471435547,588.357421875,True,-132.593353271484,85.9522247314453,8.404221534729,True,0.259794652462006,0.730618000030518,True,-129.045196533203,77.3564071655273,5.27560806274414,True,0.266222476959229,0.760078489780426,True,2.91326904296875,True,2.6114501953125
943,186.8152129,True,-47.4037055969238,-79.9721908569336,593.6904296875,True,10.9654235839844,-79.9400482177734,588.371276855469,True,-133.195907592773,87.6536026000977,9.02350044250488,True,0.258703052997589,0.724786877632141,True,-130.387023925781,78.0963439941406,5.54488706588745,True,0.263791620731354,0.757542610168457,True,2.91065979003906,True,2.60063171386719
944,186.816879566667,True,-47.4004974365234,-79.9756088256836,593.715026855469,True,10.9665584564209,-79.9394683837891,588.357299804688,True,-133.427764892578,86.6196441650391,8.64715766906738,True,0.258283019065857,0.728330671787262,True,-129.537658691406,77.5857849121094,5.35909461975098,True,0.265330284833908,0.759292364120483,True,2.92164611816406,True,2.61824035644531
945,186.818546233333,True,-47.3997955322266,-79.9783630371094,593.734985351563,True,10.9726066589355,-79.9451141357422,588.361572265625,True,-132.777130126953,86.8134155273438,8.71767902374268,True,0.259461730718613,0.72766649723053,True,-131.392730712891,80.1272125244141,6.28411245346069,True,0.261969745159149,0.750582158565521,True,2.92410278320313,True,2.61190795898438
946,186.8202129,True,-47.3974380493164,-79.9799575805664,593.748901367188,True,10.9735584259033,-79.9433670043945,588.34423828125,True,-132.615341186523,87.0288162231445,8.79604434967041,True,0.259754806756973,0.726928293704987,True,-129.552536010742,78.0468444824219,5.52693939208984,True,0.265303373336792,0.757712066173553,True,2.9163818359375,True,2.629638671875
947,186.821879566667,True,-47.3952484130859,-79.9804992675781,593.748657226563,True,10.9832916259766,-79.9456939697266,588.321716308594,True,-132.096252441406,87.4797973632813,8.96027183532715,True,0.260695189237595,0.725382566452026,True,-131.187393188477,76.5427093505859,4.97948455810547,True,0.262341678142548,0.762867271900177,True,2.91447448730469,True,2.62582397460938
948,186.823546233333,True,-47.3954620361328,-79.9861450195313,593.814147949219,True,10.9860715866089,-79.9450454711914,588.302612304688,True,-133.65234375,86.3675308227539,8.55539512634277,True,0.257876187562943,0.729194641113281,True,-129.829986572266,77.9839324951172,5.50402450561523,True,0.264800727367401,0.757927775382996,True,2.92227172851563,True,2.62577819824219
949,186.8252129,True,-47.3915405273438,-79.9810943603516,593.783813476563,True,10.9902296066284,-79.9483871459961,588.328430175781,True,-132.513122558594,85.0753021240234,8.08504295349121,True,0.25993999838829,0.733623564243317,True,-131.412170410156,78.3293151855469,5.62974405288696,True,0.261934459209442,0.756744027137756,True,2.91361999511719,True,2.62208557128906
950,186.826879566667,True,-47.3916702270508,-79.9856109619141,593.80810546875,True,10.9951343536377,-79.9503402709961,588.296203613281,True,-131.800842285156,87.8661651611328,9.10081386566162,True,0.261230379343033,0.724058389663696,True,-130.620452880859,78.1454467773438,5.56281089782715,True,0.263368725776672,0.757374167442322,True,2.92144775390625,True,2.62127685546875
951,186.828546233333,True,-47.3877334594727,-79.9916534423828,593.816040039063,True,10.9967594146729,-79.9503555297852,588.292785644531,True,-132.720748901367,90.0890960693359,9.90993595123291,True,0.259563863277435,0.716439723968506,True,-130.220306396484,78.7849655151367,5.79556751251221,True,0.264093667268753,0.755182445049286,True,2.92019653320313,True,2.62437438964844
952,186.8302129,True,-47.3814010620117,-79.98583984375,593.819580078125,True,11.0003719329834,-79.9532623291016,588.277160644531,True,-131.777465820313,86.2758178710938,8.52201271057129,True,0.261272728443146,0.729509055614471,True,-130.312927246094,79.3290252685547,5.993567943573,True,0.263925909996033,0.753317773342133,True,2.92073059082031,True,2.62702941894531
953,186.831879566667,True,-47.383228302002,-79.9943389892578,593.868041992188,True,11.0034770965576,-79.9511413574219,588.292785644531,True,-131.947204589844,88.4259796142578,9.30462074279785,True,0.26096522808075,0.722139775753021,True,-128.7861328125,78.1883850097656,5.57845497131348,True,0.26669180393219,0.757227003574371,True,2.9271240234375,True,2.62065124511719
954,186.833546233333,True,-47.3759078979492,-79.9947662353516,593.872985839844,True,11.0093812942505,-79.9563674926758,588.291442871094,True,-133.478988647461,87.2550964355469,8.87845325469971,True,0.258190274238586,0.726152658462524,True,-133.325668334961,79.9495544433594,6.21944808959961,True,0.25846803188324,0.751191079616547,True,2.93006896972656,True,2.634521484375
955,186.8352129,True,-47.3691711425781,-79.9928207397461,593.834533691406,True,11.0124549865723,-79.9559173583984,588.275756835938,True,-132.15461730957,85.8992462158203,8.38496017456055,True,0.260589420795441,0.730799555778503,True,-130.85563659668,76.3138732910156,4.89616346359253,True,0.262942731380463,0.763651669025421,True,2.93414306640625,True,2.63008117675781
956,186.836879566667,True,-47.3676223754883,-79.9917297363281,593.863586425781,True,11.0140371322632,-79.9572982788086,588.290649414063,True,-132.258056640625,85.6921005249023,8.30957794189453,True,0.260402053594589,0.731509447097778,True,-130.041381835938,78.3311614990234,5.63040447235107,True,0.264417797327042,0.75673770904541,True,2.94207763671875,True,2.64492797851563
957,186.838546233333,True,-47.3635711669922,-79.9929962158203,593.87890625,True,11.0231323242188,-79.9590225219727,588.283569335938,True,-131.565002441406,84.3331756591797,7.81496810913086,True,0.26165759563446,0.736167013645172,True,-132.570587158203,79.6616897583008,6.1146764755249,True,0.259835928678513,0.752177715301514,True,2.94001770019531,True,2.62632751464844
958,186.8402129,True,-47.3559913635254,-79.9922561645508,593.858215332031,True,11.0260677337646,-79.9631195068359,588.307434082031,True,-133.010894775391,86.4753189086914,8.59462547302246,True,0.259038239717484,0.728825211524963,True,-130.467636108398,78.6266403198242,5.7379584312439,True,0.263645589351654,0.755725026130676,True,2.93415832519531,True,2.650146484375
959,186.841879566667,True,-47.3496475219727,-79.9957733154297,593.874389648438,True,11.0314626693726,-79.9656600952148,588.301574707031,True,-131.897476196289,85.5132598876953,8.24451446533203,True,0.261055290699005,0.732122480869293,True,-130.846771240234,78.057373046875,5.53073120117188,True,0.26295879483223,0.757676124572754,True,2.94024658203125,True,2.64039611816406
960,186.843546233333,True,-47.3426513671875,-79.9934387207031,593.8544921875,True,11.0321674346924,-79.9675064086914,588.317260742188,True,-133.486190795898,86.7770767211914,8.70448112487793,True,0.258177191019058,0.727790892124176,True,-128.842178344727,78.0980911254883,5.54553127288818,True,0.266590237617493,0.75753653049469,True,2.93838500976563,True,2.63706970214844
961,186.8452129,True,-47.3381309509277,-79.9926681518555,593.846862792969,True,11.0394859313965,-79.9683990478516,588.310852050781,True,-132.793853759766,88.1525726318359,9.20516395568848,True,0.259431481361389,0.723076701164246,True,-131.675720214844,78.3429870605469,5.63470268249512,True,0.261457026004791,0.756697237491608,True,2.94273376464844,True,2.64073181152344
962,186.846879566667,True,-47.333080291748,-79.9882965087891,593.8232421875,True,11.0451154708862,-79.9705429077148,588.315307617188,True,-133.599700927734,85.7312469482422,8.32383728027344,True,0.257971584796906,0.731375336647034,True,-130.917175292969,78.404541015625,5.65709447860718,True,0.262831211090088,0.756486177444458,True,2.94297790527344,True,2.63070678710938
963,186.848546233333,True,-47.3241081237793,-79.9852676391602,593.788818359375,True,11.0463628768921,-79.9715728759766,588.335571289063,True,-134.137451171875,87.8455963134766,9.09335803985596,True,0.256997406482697,0.724128901958466,True,-127.66911315918,78.2582550048828,5.603835105896,True,0.268715381622314,0.756987690925598,True,2.9447021484375,True,2.63253784179688
964,186.8502129,True,-47.3204727172852,-79.9926223754883,593.787780761719,True,11.0552759170532,-79.9765701293945,588.347900390625,True,-133.149795532227,87.8727569580078,9.10325050354004,True,0.258786618709564,0.724035799503326,True,-129.942016601563,78.1576080322266,5.56721591949463,True,0.264597833156586,0.757332623004913,True,2.94081115722656,True,2.64064025878906
965,186.851879566667,True,-47.3154220581055,-79.9875335693359,593.774658203125,True,11.0592517852783,-79.9772186279297,588.350708007813,True,-132.299697875977,86.9991607666016,8.78530311584473,True,0.260326653718948,0.727029800415039,True,-131.031204223633,77.3848114013672,5.28596210479736,True,0.262624651193619,0.759981155395508,True,2.96575927734375,True,2.64302062988281
966,186.853546233333,True,-47.3093338012695,-79.9859085083008,593.763427734375,True,11.0642652511597,-79.9794998168945,588.354187011719,True,-131.847503662109,88.5953598022461,9.36623954772949,True,0.261145859956741,0.721559286117554,True,-131.060791015625,79.6277770996094,6.10234069824219,True,0.262571036815643,0.752293825149536,True,2.93792724609375,True,2.64476013183594
967,186.8552129,True,-47.3004150390625,-79.983024597168,593.737731933594,True,11.0685968399048,-79.9836044311523,588.388610839844,True,-133.900802612305,88.0524597167969,9.16865730285645,True,0.257426142692566,0.723420023918152,True,-130.253753662109,79.7742004394531,6.1556077003479,True,0.264033079147339,0.751792013645172,True,2.95121765136719,True,2.64918518066406
968,186.856879566667,True,-47.2956390380859,-79.9852066040039,593.719177246094,True,11.0719137191772,-79.9820404052734,588.37451171875,True,-134.035064697266,87.4834365844727,8.96154022216797,True,0.257182866334915,0.725370109081268,True,-129.305358886719,78.8493499755859,5.81900978088379,True,0.265751242637634,0.754961788654327,True,2.948974609375,True,2.63447570800781
969,186.858546233333,True,-47.2967681884766,-79.9873657226563,593.742553710938,True,11.0741577148438,-79.9856414794922,588.390747070313,True,-133.051818847656,88.5244598388672,9.3404426574707,True,0.258964091539383,0.721802234649658,True,-128.761077880859,77.8645401000977,5.46052074432373,True,0.266737222671509,0.758337080478668,True,2.95034790039063,True,2.65750122070313
970,186.8602129,True,-47.289794921875,-79.9871215820313,593.716430664063,True,11.0832805633545,-79.9896621704102,588.38037109375,True,-133.402770996094,86.7755966186523,8.70397758483887,True,0.258328318595886,0.727796077728271,True,-130.486846923828,80.3330307006836,6.35902118682861,True,0.263610810041428,0.749876737594604,True,2.96467590332031,True,2.64509582519531
971,186.861879566667,True,-47.2886505126953,-79.9875869750977,593.754211425781,True,11.0878572463989,-79.987060546875,588.368041992188,True,-132.464965820313,88.0083160400391,9.15259265899658,True,0.260027229785919,0.723571181297302,True,-132.193740844727,81.2592010498047,6.69611978530884,True,0.260518550872803,0.746702432632446,True,2.96049499511719,True,2.64430236816406
972,186.863546233333,True,-47.287841796875,-79.9859924316406,593.77783203125,True,11.0955076217651,-79.9902420043945,588.377075195313,True,-131.717422485352,87.9377212524414,9.12686538696289,True,0.261381447315216,0.72381317615509,True,-132.061294555664,79.5607147216797,6.07791948318481,True,0.260758519172668,0.75252366065979,True,2.96025085449219,True,2.64967346191406
973,186.8652129,True,-47.2815933227539,-79.9817962646484,593.755615234375,True,11.0964803695679,-79.9923477172852,588.366943359375,True,-131.763336181641,85.9193115234375,8.39227867126465,True,0.261298298835754,0.730730772018433,True,-129.419372558594,80.593879699707,6.45390272140503,True,0.26554462313652,0.748982787132263,True,2.96319580078125,True,2.64018249511719
974,186.866879566667,True,-47.2774085998535,-79.9842147827148,593.775268554688,True,11.1031951904297,-79.9881134033203,588.329528808594,True,-132.439117431641,86.5912017822266,8.63679981231689,True,0.260074079036713,0.728428065776825,True,-130.404403686523,79.6065444946289,6.0945782661438,True,0.263760149478912,0.752366602420807,True,2.96481323242188,True,2.65156555175781
975,186.868546233333,True,-47.2738723754883,-79.9835357666016,593.79150390625,True,11.1061725616455,-79.9913635253906,588.350158691406,True,-131.782257080078,87.7937774658203,9.07452964782715,True,0.261264026165009,0.724306464195251,True,-129.539916992188,81.0438003540039,6.61774301528931,True,0.265326231718063,0.747440695762634,True,2.94911193847656,True,2.65048217773438
976,186.8702129,True,-47.2712707519531,-79.9848709106445,593.826843261719,True,11.1130313873291,-79.9908981323242,588.321716308594,True,-130.643005371094,86.1183013916016,8.46468925476074,True,0.263327896595001,0.730048835277557,True,-130.46354675293,78.7948989868164,5.79919004440308,True,0.263652980327606,0.755148351192474,True,2.96365356445313,True,2.65852355957031
977,186.871879566667,True,-47.2665405273438,-79.9859924316406,593.833862304688,True,11.1175060272217,-79.9908828735352,588.343383789063,True,-131.575332641602,85.3726654052734,8.19329357147217,True,0.261638879776001,0.732604384422302,True,-130.829528808594,78.7548294067383,5.78460025787354,True,0.26298999786377,0.755285680294037,True,2.97857666015625,True,2.65472412109375
978,186.873546233333,True,-47.2662773132324,-79.9831161499023,593.875,True,11.122971534729,-79.9901351928711,588.307189941406,True,-132.451995849609,84.9876098632813,8.05313110351563,True,0.260050714015961,0.733924031257629,True,-130.281066894531,77.3611602783203,5.27734088897705,True,0.263983577489853,0.760062277317047,True,2.96266174316406,True,2.66140747070313
979,186.8752129,True,-47.2620162963867,-79.9858703613281,593.877136230469,True,11.1264915466309,-79.9931488037109,588.321716308594,True,-132.550140380859,86.9873199462891,8.7809591293335,True,0.259872943162918,0.727070510387421,True,-130.50276184082,78.5462265014648,5.70868873596191,True,0.263581931591034,0.756000578403473,True,2.97109985351563,True,2.66783142089844
980,186.876879566667,True,-47.2591133117676,-79.9845275878906,593.899597167969,True,11.1318988800049,-79.9920959472656,588.319152832031,True,-132.788299560547,86.5095748901367,8.60708999633789,True,0.259441494941711,0.728707790374756,True,-132.256164550781,80.9343643188477,6.57790422439575,True,0.260405510663986,0.747815787792206,True,2.96932983398438,True,2.65715026855469
981,186.878546233333,True,-47.2559242248535,-79.985221862793,593.905578613281,True,11.1390132904053,-79.9925689697266,588.296875,True,-132.424926757813,87.7313079833984,9.05172157287598,True,0.260099768638611,0.724520564079285,True,-129.576736450195,79.1708526611328,5.93601560592651,True,0.265259563922882,0.753859877586365,True,2.96113586425781,True,2.64785766601563
982,186.8802129,True,-47.2492980957031,-79.982795715332,593.90576171875,True,11.1448364257813,-79.9859161376953,588.282348632813,True,-132.590133666992,87.6151885986328,9.00953006744385,True,0.259800434112549,0.724918484687805,True,-132.461700439453,78.1946868896484,5.58074617385864,True,0.260033130645752,0.757205367088318,True,2.9656982421875,True,2.65544128417969
983,186.881879566667,True,-47.2458572387695,-79.9886016845703,593.961547851563,True,11.1488208770752,-79.9916534423828,588.300659179688,True,-133.622680664063,86.2038269042969,8.4957914352417,True,0.257929921150208,0.729755818843842,True,-130.980209350586,81.2274780273438,6.68457508087158,True,0.262717008590698,0.746811151504517,True,2.96574401855469,True,2.65834045410156
984,186.883546233333,True,-47.2390747070313,-79.980110168457,593.930236816406,True,11.1522693634033,-79.990608215332,588.303466796875,True,-132.024932861328,85.2358932495117,8.14351558685303,True,0.260824382305145,0.733073115348816,True,-129.763305664063,81.5433959960938,6.7995719909668,True,0.264921545982361,0.745728492736816,True,2.98451232910156,True,2.66485595703125
985,186.8852129,True,-47.2333450317383,-79.9798278808594,593.947814941406,True,11.1581211090088,-79.9912872314453,588.317138671875,True,-134.15380859375,85.7621612548828,8.33505821228027,True,0.256967782974243,0.731269359588623,True,-129.289001464844,78.5576095581055,5.71282291412354,True,0.265780806541443,0.755961656570435,True,2.97187805175781,True,2.677001953125
986,186.886879566667,True,-47.2295913696289,-79.9770965576172,593.950500488281,True,11.1623773574829,-79.9906234741211,588.314392089844,True,-133.366165161133,87.005859375,8.78771591186523,True,0.258394658565521,0.727006912231445,True,-130.375534057617,78.3009948730469,5.61939907073975,True,0.26381242275238,0.756841123104095,True,2.97956848144531,True,2.67198181152344
987,186.888546233333,True,-47.2193374633789,-79.9761810302734,593.909912109375,True,11.1686725616455,-79.990364074707,588.326782226563,True,-133.247711181641,87.6459197998047,9.02067470550537,True,0.258609235286713,0.724813222885132,True,-130.182220458984,77.6254730224609,5.37352085113525,True,0.264162629842758,0.759156346321106,True,2.97369384765625,True,2.66548156738281
988,186.8902129,True,-47.2138061523438,-79.9749908447266,593.912841796875,True,11.1725082397461,-79.9902191162109,588.33642578125,True,-133.928085327148,85.4532623291016,8.22264575958252,True,0.25737664103508,0.732328116893768,True,-130.303070068359,79.0168533325195,5.87995576858521,True,0.263943731784821,0.754387676715851,True,2.98895263671875,True,2.67466735839844
989,186.891879566667,True,-47.2061042785645,-79.9672012329102,593.8798828125,True,11.1788625717163,-79.9896774291992,588.343200683594,True,-132.742950439453,85.0526428222656,8.07682991027832,True,0.259523659944534,0.733701169490814,True,-131.570922851563,77.53076171875,5.3390326499939,True,0.261646866798401,0.759481072425842,True,2.99208068847656,True,2.66780090332031
990,186.893546233333,True,-47.2022705078125,-79.9673385620117,593.876708984375,True,11.180347442627,-79.9900588989258,588.367736816406,True,-132.532608032227,85.4418334960938,8.21844387054443,True,0.259904682636261,0.732367336750031,True,-128.398880004883,78.5496673583984,5.70993232727051,True,0.267393320798874,0.755988836288452,True,2.98257446289063,True,2.66514587402344
991,186.8952129,True,-47.1944580078125,-79.9618682861328,593.842224121094,True,11.1864194869995,-79.9904937744141,588.354431152344,True,-132.770568847656,87.4569244384766,8.95190143585205,True,0.259473592042923,0.725461006164551,True,-130.264373779297,81.1798706054688,6.6672420501709,True,0.264013797044754,0.746974349021912,True,2.971435546875,True,2.67655944824219
992,186.896879566667,True,-47.1851119995117,-79.9566497802734,593.793701171875,True,11.1912689208984,-79.9877624511719,588.347595214844,True,-132.957305908203,87.3418579101563,8.9100341796875,True,0.259135365486145,0.72585541009903,True,-129.422012329102,81.3642883300781,6.73437452316284,True,0.265539795160294,0.746342241764069,True,2.97349548339844,True,2.67013549804688
993,186.898546233333,True,-47.1758728027344,-79.9485397338867,593.77099609375,True,11.1977663040161,-79.9914703369141,588.365112304688,True,-133.509002685547,86.1654891967773,8.48183917999268,True,0.258135914802551,0.729887127876282,True,-129.543594360352,79.0389556884766,5.88800621032715,True,0.265319555997849,0.754311859607697,True,2.98104858398438,True,2.67572021484375
994,186.9002129,True,-47.1723785400391,-79.9469985961914,593.771606445313,True,11.2021322250366,-79.9854049682617,588.354431152344,True,-134.066101074219,85.1078186035156,8.09689235687256,True,0.257126659154892,0.733512103557587,True,-128.930603027344,76.9350204467773,5.12224864959717,True,0.266430050134659,0.761522650718689,True,2.99700927734375,True,2.68357849121094
995,186.901879566667,True,-47.1694183349609,-79.9453353881836,593.789428710938,True,11.2077617645264,-79.9854278564453,588.35546875,True,-133.300567626953,86.516471862793,8.60964012145996,True,0.258513450622559,0.728684186935425,True,-131.760406494141,81.8216094970703,6.90078830718994,True,0.261303633451462,0.744774997234344,True,2.9830322265625,True,2.67329406738281
996,186.903546233333,True,-47.1635627746582,-79.9389572143555,593.787658691406,True,11.2144021987915,-79.9890289306641,588.39208984375,True,-133.971664428711,84.3476409912109,7.82023811340332,True,0.257297694683075,0.736117362976074,True,-130.44938659668,79.5111236572266,6.05990028381348,True,0.263678640127182,0.752693593502045,True,2.98878479003906,True,2.671142578125
997,186.9052129,True,-47.1588363647461,-79.9453277587891,593.788940429688,True,11.2220077514648,-79.9859924316406,588.371765136719,True,-133.173461914063,86.3306350708008,8.54192733764648,True,0.258743733167648,0.729321241378784,True,-131.360778808594,80.6989212036133,6.49219655990601,True,0.262027591466904,0.748622715473175,True,2.98939514160156,True,2.6832275390625
998,186.906879566667,True,-47.1560363769531,-79.9440612792969,593.817504882813,True,11.2248191833496,-79.9813842773438,588.351745605469,True,-131.48747253418,85.9157333374023,8.3909854888916,True,0.261798053979874,0.730743050575256,True,-129.612060546875,78.9083709716797,5.84053945541382,True,0.265195548534393,0.75475937128067,True,2.98442077636719,True,2.68064880371094
999,186.908546233333,True,-47.1495590209961,-79.9413833618164,593.82568359375,True,11.2321605682373,-79.9826889038086,588.357971191406,True,-132.750946044922,83.6416778564453,7.56325101852417,True,0.259509146213531,0.738537073135376,True,-131.119674682617,79.6241607666016,6.10104894638062,True,0.262464374303818,0.752306222915649,True,2.99971008300781,True,2.68023681640625
1000,186.9102129,True,-47.1448745727539,-79.9381866455078,593.825988769531,True,11.2364444732666,-79.9783020019531,588.322875976563,True,-132.592727661133,84.1407012939453,7.74490308761597,True,0.259795844554901,0.736826658248901,True,-132.018646240234,79.5149688720703,6.0612678527832,True,0.260835826396942,0.752680480480194,True,2.99752807617188,True,2.69374084472656
1001,186.911879566667,True,-47.1467208862305,-79.9381713867188,593.876770019531,True,11.2420749664307,-79.9758987426758,588.331604003906,True,-132.336761474609,84.9047088623047,8.02295589447021,True,0.260259509086609,0.734208226203918,True,-129.356002807617,76.9234008789063,5.1180477142334,True,0.265659391880035,0.761562466621399,True,3.00213623046875,True,2.68951416015625
1002,186.913546233333,True,-47.1411094665527,-79.9407958984375,593.891357421875,True,11.2471752166748,-79.9765243530273,588.319580078125,True,-133.026550292969,85.7835540771484,8.34285163879395,True,0.25900986790657,0.731196165084839,True,-129.454940795898,79.6690521240234,6.11736297607422,True,0.265480190515518,0.752152383327484,True,3.004150390625,True,2.67756652832031
1003,186.9152129,True,-47.1385078430176,-79.9394760131836,593.91259765625,True,11.2534713745117,-79.9756622314453,588.314208984375,True,-133.061340332031,84.6881103515625,7.94412803649902,True,0.258946895599365,0.734950542449951,True,-131.59748840332,79.3106384277344,5.98691940307617,True,0.261598736047745,0.75338077545166,True,3.02003479003906,True,2.68751525878906
1004,186.916879566667,True,-47.1386680603027,-79.9397735595703,593.954772949219,True,11.2560710906982,-79.9745483398438,588.329833984375,True,-132.193634033203,85.4441604614258,8.2193431854248,True,0.260518789291382,0.732359290122986,True,-130.05842590332,80.7902374267578,6.52540159225464,True,0.264386922121048,0.748309791088104,True,3.00883483886719,True,2.67575073242188
1005,186.918546233333,True,-47.1358795166016,-79.9341583251953,593.973876953125,True,11.2626886367798,-79.9706878662109,588.302368164063,True,-132.418640136719,86.3238372802734,8.53948402404785,True,0.260111153125763,0.729344427585602,True,-130.744232177734,80.4499359130859,6.4015474319458,True,0.263144493103027,0.749476075172424,True,2.98780822753906,True,2.68067932128906
1006,186.9202129,True,-47.1295471191406,-79.9354858398438,593.998168945313,True,11.2635459899902,-79.9674530029297,588.305908203125,True,-132.888122558594,85.092399597168,8.09129524230957,True,0.259260654449463,0.733564972877502,True,-131.913208007813,80.2278747558594,6.32077836990356,True,0.26102676987648,0.750237107276917,True,3.00047302246094,True,2.68928527832031
1007,186.921879566667,True,-47.1230278015137,-79.9331665039063,593.996643066406,True,11.270001411438,-79.9631118774414,588.289428710938,True,-133.137252807617,84.9799499511719,8.05040168762207,True,0.258809328079224,0.733950257301331,True,-131.367736816406,79.7332763671875,6.14068984985352,True,0.262014925479889,0.751932322978973,True,2.99557495117188,True,2.68592834472656
1008,186.923546233333,True,-47.1154289245605,-79.9282989501953,593.980041503906,True,11.2750186920166,-79.9614562988281,588.291015625,True,-134.328842163086,85.3299026489258,8.17772483825684,True,0.256650656461716,0.73275089263916,True,-129.089538574219,77.1937484741211,5.21644401550293,True,0.266142129898071,0.76063597202301,True,3.01338195800781,True,2.68763732910156
1009,186.9252129,True,-47.1028289794922,-79.9227905273438,593.9609375,True,11.2902641296387,-79.9612884521484,588.291625976563,True,-134.69889831543,84.6452407836914,7.92854833602905,True,0.255980253219604,0.735097408294678,True,-132.061264038086,80.4766693115234,6.41129493713379,True,0.260758578777313,0.749384462833405,True,3.0162353515625,True,2.69134521484375
1010,186.926879566667,True,-47.0790405273438,-79.9121398925781,593.869201660156,True,11.3036813735962,-79.9594573974609,588.30029296875,True,-133.726699829102,85.0962371826172,8.09271240234375,True,0.257741451263428,0.733551800251007,True,-129.756362915039,79.0551986694336,5.89390230178833,True,0.264934122562408,0.754256188869476,True,3.00596618652344,True,2.67974853515625
1011,186.928546233333,True,-47.0419082641602,-79.8963165283203,593.705993652344,True,11.325984954834,-79.9654998779297,588.335876464844,True,-131.865295410156,85.3079071044922,8.16973114013672,True,0.261113613843918,0.732826352119446,True,-130.869537353516,78.84375,5.81696510314941,True,0.2629174888134,0.754980981349945,True,2.99848937988281,True,2.68644714355469
1012,186.9302129,True,-47.0224227905273,-79.9018859863281,593.755737304688,True,11.3525152206421,-79.9698791503906,588.337707519531,True,-131.150497436523,85.6945495605469,8.310471534729,True,0.262408494949341,0.73150110244751,True,-125.929702758789,78.878532409668,5.82959985733032,True,0.27186644077301,0.754861772060394,True,3.01339721679688,True,2.69161987304688
1013,186.931879566667,True,-46.998950958252,-79.9149475097656,593.913635253906,True,11.3803558349609,-79.9736251831055,588.287780761719,True,-126.510063171387,83.785270690918,7.61549663543701,True,0.270815074443817,0.738044857978821,True,-123.976142883301,79.161735534668,5.93272876739502,True,0.275405526161194,0.753890991210938,True,3.01773071289063,True,2.68997192382813
1014,186.933546233333,True,-46.945198059082,-79.9069519042969,593.795593261719,True,11.4116468429565,-79.9829864501953,588.315551757813,True,-122.55517578125,85.6805877685547,8.30535316467285,True,0.277979791164398,0.731549143791199,True,-117.951560974121,78.6017608642578,5.72885417938232,True,0.286319613456726,0.75581032037735,True,3.00875854492188,True,2.69541931152344
1015,186.9352129,True,-46.9002532958984,-79.9055786132813,593.785034179688,True,11.4453287124634,-79.9935760498047,588.352294921875,True,-115.570121765137,81.5778198242188,6.81207132339478,True,0.290633857250214,0.745610475540161,True,-108.771102905273,75.4229888916016,4.57190322875977,True,0.302950918674469,0.766704916954041,True,3.01727294921875,True,2.70899963378906
1016,186.936879566667,True,-46.8535919189453,-79.9231414794922,593.910034179688,True,11.4886884689331,-80.0022659301758,588.3076171875,True,-109.931076049805,83.5545959472656,7.53154468536377,True,0.300849497318268,0.738835453987122,True,-104.14168548584,76.8472747802734,5.09030723571777,True,0.311337530612946,0.761823415756226,True,3.01541137695313,True,2.71180725097656
1017,186.938546233333,True,-46.7873649597168,-79.9080581665039,593.7138671875,True,11.5277538299561,-80.0037841796875,588.288696289063,True,-101.243057250977,79.6525573730469,6.11133527755737,True,0.316588670015335,0.752208888530731,True,-94.3653717041016,74.1348724365234,4.10309743881226,True,0.329048246145248,0.771119654178619,True,3.02023315429688,True,2.71702575683594
1018,186.9402129,True,-46.7325439453125,-79.9267883300781,593.821166992188,True,11.5681066513062,-80.0218200683594,588.370910644531,True,-94.0984191894531,78.8674087524414,5.82557010650635,True,0.329531848430634,0.754899859428406,True,-85.9337921142578,76.0197219848633,4.78908014297485,True,0.344322830438614,0.764659762382507,True,3.03256225585938,True,2.71163940429688
1019,186.941879566667,True,-46.6641998291016,-79.9153137207031,593.686645507813,True,11.6102733612061,-80.0335083007813,588.412231445313,True,-87.8385772705078,76.1380310058594,4.83216571807861,True,0.34087210893631,0.764254212379456,True,-77.7436294555664,71.9705657958984,3.31535625457764,True,0.35916006565094,0.778537392616272,True,3.04519653320313,True,2.72315979003906
1020,186.943546233333,True,-46.6088485717773,-79.9329833984375,593.856140136719,True,11.6577777862549,-80.0430068969727,588.439514160156,True,-80.6009826660156,76.8985214233398,5.10894680023193,True,0.353983759880066,0.761647820472717,True,-72.1373519897461,71.5636138916016,3.16719150543213,True,0.369316399097443,0.779932141304016,True,3.02447509765625,True,2.7308349609375
1021,186.9452129,True,-46.5469665527344,-79.9281845092773,593.74658203125,True,11.6962738037109,-80.0464782714844,588.463012695313,True,-71.9050216674805,75.3144760131836,4.53242778778076,True,0.369737267494202,0.767076849937439,True,-64.1806030273438,69.7049407958984,2.49069404602051,True,0.383730828762054,0.786302506923676,True,3.02320861816406,True,2.73735046386719
1022,186.946879566667,True,-46.5167388916016,-79.9481658935547,594.023559570313,True,11.7464427947998,-80.052001953125,588.467956542969,True,-63.8507537841797,75.7860336303711,4.70405435562134,True,0.384328365325928,0.765460729598999,True,-58.8175201416016,69.2827911376953,2.33706521987915,True,0.393446505069733,0.787749171257019,True,3.03517150878906,True,2.74226379394531
1023,186.948546233333,True,-46.4420166015625,-79.9375991821289,593.844360351563,True,11.784875869751,-80.0632934570313,588.566284179688,True,-57.4092788696289,74.7986145019531,4.34462022781372,True,0.395997643470764,0.768844842910767,True,-52.837215423584,69.6427307128906,2.46807527542114,True,0.404280424118042,0.786515593528748,True,3.04217529296875,True,2.74050903320313
1024,186.9502129,True,-46.3924102783203,-79.9415893554688,593.9580078125,True,11.8321647644043,-80.064338684082,588.533874511719,True,-52.4031753540039,73.7074127197266,3.94747686386108,True,0.405066728591919,0.772584736347198,True,-47.6994018554688,70.1521453857422,2.65344142913818,True,0.413588047027588,0.784769773483276,True,3.04679870605469,True,2.74943542480469
1025,186.951879566667,True,-46.3354721069336,-79.9360580444336,593.870910644531,True,11.8829479217529,-80.067626953125,588.505615234375,True,-44.4807090759277,74.6588745117188,4.29378795623779,True,0.41941899061203,0.769323766231537,True,-42.6252975463867,71.7756042480469,3.24434423446655,True,0.422780245542526,0.779205560684204,True,3.03863525390625,True,2.73870849609375
1026,186.953546233333,True,-46.272102355957,-79.922737121582,593.836669921875,True,11.9258651733398,-80.0774841308594,588.59814453125,True,-42.3381271362305,72.7580718994141,3.60195779800415,True,0.423300504684448,0.775838375091553,True,-41.4732856750488,68.2985000610352,1.9788224697113,True,0.424867212772369,0.791122674942017,True,3.04884338378906,True,2.75344848632813
1027,186.9552129,True,-46.2302055358887,-79.9180297851563,593.776733398438,True,11.9790372848511,-80.0857925415039,588.604675292969,True,-36.5392761230469,73.9143447875977,4.0227952003479,True,0.433805674314499,0.771875500679016,True,-35.506233215332,70.9670791625977,2.95012426376343,True,0.435677111148834,0.781976699829102,True,3.04800415039063,True,2.75563049316406
1028,186.956879566667,True,-46.2023086547852,-79.9158096313477,593.84765625,True,12.0150718688965,-80.0902557373047,588.599182128906,True,-29.0452060699463,72.5870208740234,3.5397412776947,True,0.447381883859634,0.776424527168274,True,-28.0535507202148,69.8490905761719,2.54318380355835,True,0.449178338050842,0.785808324813843,True,3.03999328613281,True,2.74598693847656
1029,186.958546233333,True,-46.1443138122559,-79.9184112548828,593.877075195313,True,12.0462589263916,-80.1011962890625,588.663024902344,True,-25.2236785888672,72.2770233154297,3.426917552948,True,0.454304963350296,0.77748703956604,True,-22.7165431976318,70.4362869262695,2.75688862800598,True,0.458846867084503,0.783795893192291,True,3.05335998535156,True,2.75131225585938
1030,186.9602129,True,-46.1243667602539,-79.9249649047852,593.9501953125,True,12.0808277130127,-80.0977478027344,588.558349609375,True,-17.1222686767578,72.6864624023438,3.57593488693237,True,0.46898141503334,0.776083827018738,True,-23.6631355285645,67.4077301025391,1.65458631515503,True,0.45713198184967,0.794175624847412,True,3.05293273925781,True,2.78977966308594
1031,186.961879566667,True,-46.0758361816406,-79.9289245605469,594.073364257813,True,12.0981216430664,-80.0969848632813,588.500244140625,True,-12.9683294296265,72.0826644897461,3.35614919662476,True,0.476506650447845,0.77815318107605,True,-11.6434545516968,68.5727005004883,2.07865762710571,True,0.478906810283661,0.790182888507843,True,3.05538940429688,True,2.76309204101563
1032,186.963546233333,True,-46.0341758728027,-79.9207916259766,594.032348632813,True,12.1135902404785,-80.099723815918,588.587890625,True,-6.72752094268799,71.3641357421875,3.09458923339844,True,0.487812489271164,0.780615925788879,True,-4.46516847610474,67.7703247070313,1.78655910491943,True,0.491910934448242,0.79293292760849,True,3.0614013671875,True,2.75572204589844
1033,186.9652129,True,-46.0125961303711,-79.9253082275391,594.10986328125,True,12.1400899887085,-80.109375,588.603698730469,True,-0.290052473545074,71.6277923583984,3.19059085845947,True,0.499474585056305,0.779712200164795,True,1.70037436485291,66.8389358520508,1.4475793838501,True,0.503080368041992,0.796125113964081,True,3.06120300292969,True,2.76652526855469
1034,186.966879566667,True,-45.9906730651855,-79.9305572509766,594.178955078125,True,12.1618185043335,-80.1062316894531,588.527526855469,True,5.80706644058228,70.9430999755859,2.94133138656616,True,0.510520040988922,0.782058835029602,True,8.66978168487549,69.6106262207031,2.45637035369873,True,0.515706121921539,0.786625742912292,True,3.06370544433594,True,2.75770568847656
1035,186.968546233333,True,-45.957633972168,-79.9286346435547,594.1513671875,True,12.1878814697266,-80.1137771606445,588.583129882813,True,9.91935920715332,72.8499526977539,3.63540554046631,True,0.517969846725464,0.77552342414856,True,9.14311218261719,70.1930770874023,2.66838502883911,True,0.516563594341278,0.784629344940186,True,3.06254577636719,True,2.76863098144531
1036,186.9702129,True,-45.9399871826172,-79.92919921875,594.170227050781,True,12.219141960144,-80.1204833984375,588.611999511719,True,9.90693092346191,71.3634872436523,3.09435939788818,True,0.517947316169739,0.780618071556091,True,7.04756832122803,67.9542999267578,1.85351872444153,True,0.512767374515533,0.792302370071411,True,3.07096862792969,True,2.78558349609375
1037,186.971879566667,True,-45.9303588867188,-79.925178527832,594.170043945313,True,12.2338943481445,-80.1185455322266,588.655639648438,True,12.7889881134033,71.5132446289063,3.14888858795166,True,0.523168504238129,0.780104756355286,True,7.2513165473938,67.5252990722656,1.69736182689667,True,0.513136386871338,0.79377269744873,True,3.06930541992188,True,2.79637145996094
1038,186.973546233333,True,-45.9147033691406,-79.9235534667969,594.133239746094,True,12.2449989318848,-80.1227645874023,588.702270507813,True,11.8545017242432,72.8447265625,3.63349151611328,True,0.521475553512573,0.775541424751282,True,7.70193338394165,68.43359375,2.02796411514282,True,0.513952732086182,0.790659666061401,True,3.05673217773438,True,2.7830810546875
1039,186.9752129,True,-45.9132995605469,-79.9153137207031,594.134399414063,True,12.2497911453247,-80.1289520263672,588.787292480469,True,11.3589553833008,71.3461380004883,3.08804845809937,True,0.520577907562256,0.780677556991577,True,14.2608299255371,68.6802215576172,2.11773586273193,True,0.525834798812866,0.789814472198486,True,3.06417846679688,True,2.74958801269531
1040,186.976879566667,True,-45.9082107543945,-79.9109420776367,594.13330078125,True,12.2701930999756,-80.1235122680664,588.736206054688,True,8.9653148651123,70.9826889038086,2.9557900428772,True,0.516241550445557,0.781923174858093,True,3.17351031303406,67.7512588500977,1.77961730957031,True,0.505749106407166,0.792998194694519,True,3.07499694824219,True,2.79986572265625
1041,186.978546233333,True,-45.9036750793457,-79.9065246582031,594.145141601563,True,12.2731990814209,-80.1214752197266,588.746032714844,True,6.64688444137573,70.655029296875,2.8365306854248,True,0.512041449546814,0.783046126365662,True,5.03742933273315,66.1620178222656,1.20118975639343,True,0.509125828742981,0.798445045948029,True,3.08390808105469,True,2.78656005859375
1042,186.9802129,True,-45.8982772827148,-79.8997955322266,594.117370605469,True,12.280951499939,-80.1165466308594,588.682861328125,True,7.06545639038086,72.6576995849609,3.56541609764099,True,0.512799739837646,0.776182413101196,True,3.06560182571411,67.8135223388672,1.80226063728333,True,0.505553603172302,0.792784929275513,True,3.07124328613281,True,2.80097961425781
1043,186.981879566667,True,-45.8959503173828,-79.9007568359375,594.136474609375,True,12.2872619628906,-80.1130523681641,588.619445800781,True,6.4548168182373,72.5108795166016,3.51198482513428,True,0.511693477630615,0.776685655117035,True,4.96552896499634,68.9369277954102,2.21116805076599,True,0.508995532989502,0.788934707641602,True,3.08554077148438,True,2.782958984375
1044,186.983546233333,True,-45.8971672058105,-79.8960876464844,594.12548828125,True,12.2854690551758,-80.1102600097656,588.618408203125,True,8.27061176300049,73.5503540039063,3.89028120040894,True,0.514982998371124,0.773123025894165,True,9.57840538024902,68.9097366333008,2.20125722885132,True,0.517352223396301,0.789027810096741,True,3.07159423828125,True,2.76141357421875
1045,186.9852129,True,-45.8910446166992,-79.8996276855469,594.140625,True,12.3063688278198,-80.1162872314453,588.617492675781,True,6.69164228439331,72.9244918823242,3.66251087188721,True,0.512122571468353,0.775268077850342,True,4.40935516357422,68.1094665527344,1.90999531745911,True,0.507987976074219,0.791770577430725,True,3.07357788085938,True,2.7947998046875
1046,186.986879566667,True,-45.8884162902832,-79.8964538574219,594.113159179688,True,12.3089971542358,-80.118408203125,588.613342285156,True,8.47976875305176,73.1621932983398,3.74905967712402,True,0.515361905097961,0.774453282356262,True,7.57781887054443,69.0060577392578,2.23633527755737,True,0.513728022575378,0.788697719573975,True,3.0736083984375,True,2.77604675292969
1047,186.988546233333,True,-45.8894004821777,-79.8971710205078,594.129577636719,True,12.3245811462402,-80.1197738647461,588.621948242188,True,9.97269058227539,72.5513381958008,3.52669548988342,True,0.51806652545929,0.776546955108643,True,0.925625324249268,67.2948760986328,1.61350619792938,True,0.501676857471466,0.794562458992004,True,3.07035827636719,True,2.80833435058594
1048,186.9902129,True,-45.8894386291504,-79.899528503418,594.152954101563,True,12.3134460449219,-80.1195526123047,588.623107910156,True,11.5850734710693,72.6387023925781,3.5584819316864,True,0.520987451076508,0.776247620582581,True,11.2115592956543,69.3797073364258,2.37232851982117,True,0.520310759544373,0.787417054176331,True,3.07730102539063,True,2.78201293945313
1049,186.991879566667,True,-45.8851470947266,-79.8966064453125,594.127319335938,True,12.322208404541,-80.1199417114258,588.64208984375,True,12.2789459228516,72.4493408203125,3.4895715713501,True,0.522244453430176,0.776896595954895,True,10.2863492965698,68.9060287475586,2.19990396499634,True,0.518634676933289,0.789040625095367,True,3.08436584472656,True,2.78643798828125
1050,186.993546233333,True,-45.8826484680176,-79.8936309814453,594.137023925781,True,12.3310852050781,-80.1230773925781,588.628173828125,True,12.2674264907837,73.3756408691406,3.82673406600952,True,0.522223591804504,0.773721873760223,True,12.0834808349609,70.1982421875,2.67023944854736,True,0.52189040184021,0.784611701965332,True,3.07469177246094,True,2.78013610839844
1051,186.9952129,True,-45.8751106262207,-79.8967971801758,594.132873535156,True,12.343355178833,-80.1221466064453,588.623962402344,True,11.7962417602539,71.0481872558594,2.97960233688354,True,0.521370053291321,0.781698703765869,True,9.3105411529541,69.4788436889648,2.40845680236816,True,0.516866981983185,0.787077307701111,True,3.07365417480469,True,2.79153442382813
1052,186.996879566667,True,-45.8688201904297,-79.8945388793945,594.120544433594,True,12.3477115631104,-80.1208190917969,588.615356445313,True,10.7981719970703,71.5732269287109,3.17073822021484,True,0.519561886787415,0.7798992395401,True,8.86240100860596,69.3877868652344,2.37525534629822,True,0.516055107116699,0.787389397621155,True,3.09127807617188,True,2.79820251464844
1053,186.998546233333,True,-45.8635406494141,-79.8923492431641,594.098510742188,True,12.3577041625977,-80.1202850341797,588.633361816406,True,11.3144874572754,71.7216186523438,3.22471714019775,True,0.52049732208252,0.779390633106232,True,6.75917530059814,68.6375045776367,2.10220742225647,True,0.512244820594788,0.789960861206055,True,3.08653259277344,True,2.79444885253906
1054,187.0002129,True,-45.8568267822266,-79.8895568847656,594.082763671875,True,12.3624534606934,-80.1213073730469,588.643859863281,True,10.7848567962646,72.0923767089844,3.35966396331787,True,0.519537746906281,0.778119921684265,True,9.07772922515869,68.9092102050781,2.20108151435852,True,0.516445159912109,0.789029657840729,True,3.074462890625,True,2.789306640625
1055,187.001879566667,True,-45.8547286987305,-79.8883361816406,594.103515625,True,12.3717737197876,-80.1191101074219,588.629333496094,True,10.60569190979,71.0010833740234,2.9624457359314,True,0.519213199615479,0.781860172748566,True,3.34192419052124,69.4673156738281,2.4042444229126,True,0.506054222583771,0.787116765975952,True,3.08320617675781,True,2.82225036621094
1056,187.003546233333,True,-45.8463020324707,-79.8856964111328,594.076416015625,True,12.3741455078125,-80.1204528808594,588.671325683594,True,10.6324043273926,71.5362854003906,3.15727066993713,True,0.519261598587036,0.780025839805603,True,4.11098957061768,67.8628387451172,1.82024610042572,True,0.507447481155396,0.79261577129364,True,3.08343505859375,True,2.8173828125
1057,187.0052129,True,-45.8448944091797,-79.8814849853516,594.07470703125,True,12.3920946121216,-80.1262359619141,588.686645507813,True,11.4803905487061,72.3809356689453,3.46464467048645,True,0.520797729492188,0.777131080627441,True,-3.07065510749817,66.6190643310547,1.36751174926758,True,0.494437217712402,0.796878695487976,True,3.08450317382813,True,2.85664367675781
1058,187.006879566667,True,-45.8391723632813,-79.8877410888672,594.117309570313,True,12.3899879455566,-80.1279220581055,588.721984863281,True,10.2925872802734,72.6593246459961,3.56599521636963,True,0.518646001815796,0.776176869869232,True,4.63089895248413,67.0469665527344,1.52328824996948,True,0.508389353752136,0.795412182807922,True,3.08738708496094,True,2.81588745117188
1059,187.008546233333,True,-45.8347015380859,-79.882568359375,594.0888671875,True,12.3929843902588,-80.126579284668,588.709777832031,True,10.5925559997559,71.2067108154297,3.03734016418457,True,0.519189417362213,0.781155347824097,True,7.02229022979736,67.3772964477539,1.64353120326996,True,0.512721538543701,0.794279932975769,True,3.08320617675781,True,2.81523132324219
1060,187.0102129,True,-45.8269424438477,-79.8776550292969,594.069091796875,True,12.4088888168335,-80.1212921142578,588.672485351563,True,10.0103340148926,72.1992797851563,3.39854216575623,True,0.518134713172913,0.777753591537476,True,-1.8601336479187,67.6703948974609,1.75021195411682,True,0.496630162000656,0.793275356292725,True,3.08489990234375,True,2.84262084960938
1061,187.011879566667,True,-45.8297653198242,-79.8859786987305,594.140441894531,True,12.4122228622437,-80.1220245361328,588.669372558594,True,11.6816463470459,72.6993865966797,3.58060598373413,True,0.521162390708923,0.77603954076767,True,0.0151522159576416,66.6590805053711,1.38209819793701,True,0.500027477741241,0.796741545200348,True,3.08950805664063,True,2.83992004394531
1062,187.013546233333,True,-45.8223571777344,-79.8745498657227,594.073974609375,True,12.4201736450195,-80.1223754882813,588.647094726563,True,11.6606321334839,72.464599609375,3.49512481689453,True,0.521124362945557,0.776844203472137,True,-0.323678255081177,66.4204406738281,1.29525065422058,True,0.499413639307022,0.797559380531311,True,3.09249877929688,True,2.83535766601563
1063,187.0152129,True,-45.8154640197754,-79.8774795532227,594.088012695313,True,12.4249076843262,-80.12109375,588.621704101563,True,10.8747386932373,72.8183288574219,3.62392044067383,True,0.519700646400452,0.775631904602051,True,2.77588748931885,66.2974548339844,1.25048756599426,True,0.505028784275055,0.797980904579163,True,3.08221435546875,True,2.82418823242188
1064,187.016879566667,True,-45.8118743896484,-79.8759918212891,594.085327148438,True,12.4336595535278,-80.1217041015625,588.608032226563,True,11.061559677124,71.211555480957,3.03904724121094,True,0.520039081573486,0.781138837337494,True,2.58092284202576,67.8064117431641,1.7997305393219,True,0.504675626754761,0.792809128761292,True,3.08833312988281,True,2.82768249511719
1065,187.018546233333,True,-45.8087120056152,-79.8749618530273,594.087341308594,True,12.4361038208008,-80.120735168457,588.58642578125,True,10.7970008850098,71.6650543212891,3.20411539077759,True,0.519559741020203,0.779584527015686,True,4.42032861709595,67.3016586303711,1.6159827709198,True,0.508007884025574,0.794539213180542,True,3.08499145507813,True,2.8134765625
1066,187.0202129,True,-45.8040809631348,-79.8692474365234,594.064514160156,True,12.4390134811401,-80.1210708618164,588.581970214844,True,8.64793586730957,70.7626266479492,2.8757176399231,True,0.515666544437408,0.782677412033081,True,6.1589527130127,68.3688888549805,2.00442934036255,True,0.511157512664795,0.790881454944611,True,3.10017395019531,True,2.8065185546875
1067,187.021879566667,True,-45.7997817993164,-79.8701095581055,594.047973632813,True,12.4441690444946,-80.1184234619141,588.537719726563,True,10.8961944580078,72.3352508544922,3.44804000854492,True,0.519739508628845,0.777287542819977,True,5.50954294204712,67.3758392333984,1.64298963546753,True,0.509981095790863,0.79428493976593,True,3.08876037597656,True,2.81985473632813
1068,187.023546233333,True,-45.8071899414063,-79.8724822998047,594.116455078125,True,12.4606342315674,-80.1200180053711,588.540283203125,True,12.0178165435791,70.8021469116211,2.89005041122437,True,0.521771430969238,0.782541990280151,True,-6.03944730758667,65.7437057495117,1.04894161224365,True,0.489058971405029,0.799878835678101,True,3.0887451171875,True,2.8714599609375
1069,187.0252129,True,-45.7914657592773,-79.8671417236328,594.029541015625,True,12.456392288208,-80.1196517944336,588.531311035156,True,10.2253761291504,71.9579010009766,3.31073188781738,True,0.51852422952652,0.778580844402313,True,6.72786664962769,67.7484664916992,1.77858507633209,True,0.512188136577606,0.793007850646973,True,3.10281372070313,True,2.81330871582031
1070,187.026879566667,True,-45.7955322265625,-79.8685302734375,594.058837890625,True,12.4689884185791,-80.1180877685547,588.511413574219,True,12.2931337356567,71.9621734619141,3.31228160858154,True,0.522270143032074,0.778566241264343,True,1.87573456764221,66.9414443969727,1.48487651348114,True,0.503398060798645,0.795773863792419,True,3.09004211425781,True,2.83587646484375
1071,187.028546233333,True,-45.7832489013672,-79.8627700805664,593.999267578125,True,12.4788475036621,-80.125244140625,588.553649902344,True,10.9850177764893,72.0015640258789,3.32659482955933,True,0.519900441169739,0.778431177139282,True,4.43554162979126,67.6916885375977,1.75790619850159,True,0.50803542137146,0.793202519416809,True,3.09431457519531,True,2.82493591308594
1072,187.0302129,True,-45.7808074951172,-79.8637084960938,594.002319335938,True,12.48792552948,-80.1198425292969,588.532409667969,True,11.1261920928955,72.182975769043,3.39266347885132,True,0.520156145095825,0.777809381484985,True,-1.34271001815796,65.3791732788086,0.916313946247101,True,0.497567534446716,0.801128149032593,True,3.10150146484375,True,2.85267639160156
1073,187.031879566667,True,-45.7764892578125,-79.8619232177734,593.9853515625,True,12.49485206604,-80.1272277832031,588.58154296875,True,12.0048942565918,71.7328643798828,3.22885346412659,True,0.521748006343842,0.779352068901062,True,3.46588087081909,65.9370040893555,1.11929893493652,True,0.50627875328064,0.799216270446777,True,3.09580993652344,True,2.82164001464844
1074,187.033546233333,True,-45.7751007080078,-79.8609771728516,593.990600585938,True,12.5011215209961,-80.1265487670898,588.572937011719,True,12.796070098877,72.8592834472656,3.63876485824585,True,0.523181259632111,0.77549159526825,True,-0.674169063568115,65.8018264770508,1.07011485099792,True,0.498778700828552,0.799679577350616,True,3.09695434570313,True,2.857177734375
1075,187.0352129,True,-45.7670288085938,-79.8605194091797,593.975341796875,True,12.5047664642334,-80.1312561035156,588.60986328125,True,11.8317422866821,71.0740432739258,2.9890398979187,True,0.521434307098389,0.781610071659088,True,3.79699182510376,67.101806640625,1.54323816299438,True,0.506878674030304,0.795224189758301,True,3.09562683105469,True,2.83444213867188
1076,187.036879566667,True,-45.7645492553711,-79.8595733642578,593.973327636719,True,12.5071239471436,-80.1340942382813,588.639282226563,True,12.1893405914307,72.1513519287109,3.38109111785889,True,0.522082149982452,0.777917921543121,True,9.08197593688965,68.1318435668945,1.91812765598297,True,0.51645290851593,0.791693925857544,True,3.099365234375,True,2.8175048828125
1077,187.038546233333,True,-45.7643089294434,-79.8599472045898,593.990966796875,True,12.5213108062744,-80.1355133056641,588.615112304688,True,12.7359008789063,70.7911987304688,2.88609075546265,True,0.523072242736816,0.78257942199707,True,3.82889842987061,68.2051086425781,1.94481313228607,True,0.506936430931091,0.79144275188446,True,3.09431457519531,True,2.83407592773438
1078,187.0402129,True,-45.7595443725586,-79.8570022583008,593.996337890625,True,12.5304098129272,-80.1313934326172,588.593322753906,True,12.4927406311035,70.9868774414063,2.95730662345886,True,0.522631824016571,0.781908750534058,True,-1.94951248168945,66.0661849975586,1.16629910469055,True,0.496468305587769,0.798773527145386,True,3.09844970703125,True,2.8631591796875
1079,187.041879566667,True,-45.7564468383789,-79.8572235107422,594.000549316406,True,12.5171279907227,-80.1348190307617,588.634460449219,True,12.9659557342529,72.2933044433594,3.43279504776001,True,0.523489058017731,0.777431309223175,True,10.6888751983643,69.8552322387695,2.5454089641571,True,0.519363880157471,0.785787284374237,True,3.10304260253906,True,2.79399108886719
1080,187.043546233333,True,-45.7472801208496,-79.856819152832,593.948974609375,True,12.5359725952148,-80.1344451904297,588.610107421875,True,11.8265647888184,72.2056503295898,3.40092444419861,True,0.521424949169159,0.777731776237488,True,4.12352895736694,66.9270477294922,1.47963714599609,True,0.507470190525055,0.795823097229004,True,3.09918212890625,True,2.82855224609375
1081,187.0452129,True,-45.7421646118164,-79.8525848388672,593.957214355469,True,12.5714750289917,-80.1286163330078,588.509155273438,True,11.4506015777588,71.2929382324219,3.06867027282715,True,0.520743846893311,0.78085994720459,True,-19.2145080566406,60.1689567565918,-0.980104207992554,True,0.465191125869751,0.818985104560852,True,3.11056518554688,True,2.95228576660156
1082,187.046879566667,True,-45.741626739502,-79.8525238037109,593.97607421875,True,12.5379028320313,-80.129997253418,588.57080078125,True,12.7386503219604,71.9486999511719,3.30737400054932,True,0.523077249526978,0.778612315654755,True,10.0291309356689,68.1027679443359,1.90753579139709,True,0.518168687820435,0.791793584823608,True,3.10279846191406,True,2.80158996582031
1083,187.048546233333,True,-45.7369270324707,-79.8541870117188,593.977416992188,True,12.5567073822021,-80.1275024414063,588.529052734375,True,14.1744747161865,71.4697723388672,3.13303685188293,True,0.525678396224976,0.780253827571869,True,-2.91597652435303,67.07373046875,1.53300642967224,True,0.494717419147491,0.795320391654968,True,3.10060119628906,True,2.86116027832031
1084,187.0502129,True,-45.7224884033203,-79.8529663085938,593.934631347656,True,12.5480880737305,-80.1291809082031,588.540649414063,True,10.7120552062988,71.9185791015625,3.29638051986694,True,0.519405901432037,0.77871561050415,True,9.14559173583984,68.5685577392578,2.07709074020386,True,0.516568124294281,0.790197193622589,True,3.10580444335938,True,2.80900573730469
1085,187.051879566667,True,-45.7242546081543,-79.8523330688477,593.950439453125,True,12.5638637542725,-80.1264114379883,588.488464355469,True,12.7138195037842,71.9534378051758,3.30910849571228,True,0.523032307624817,0.778596103191376,True,2.80436992645264,66.8281326293945,1.44363951683044,True,0.50508040189743,0.796162068843842,True,3.10548400878906,True,2.83169555664063
1086,187.053546233333,True,-45.7189025878906,-79.8549346923828,593.970947265625,True,12.57493019104,-80.1290893554688,588.476318359375,True,12.0746974945068,72.4417114257813,3.48678112030029,True,0.52187442779541,0.776922702789307,True,-0.934306859970093,68.03564453125,1.88313984870911,True,0.498307406902313,0.792023539543152,True,3.09974670410156,True,2.86080932617188
1087,187.0552129,True,-45.7169876098633,-79.8534240722656,593.984130859375,True,12.5655364990234,-80.1301574707031,588.496948242188,True,12.1335563659668,71.9113388061523,3.29376006126404,True,0.521981120109558,0.778740406036377,True,8.65206432342529,67.9533386230469,1.85319185256958,True,0.515673995018005,0.792305648326874,True,3.10505676269531,True,2.81143188476563
1088,187.056879566667,True,-45.7094573974609,-79.8503723144531,593.948669433594,True,12.5684585571289,-80.1280822753906,588.462707519531,True,11.7994031906128,71.016487121582,2.96808052062988,True,0.521375775337219,0.781807363033295,True,9.41521835327148,68.4570922851563,2.03652286529541,True,0.517056584358215,0.790579199790955,True,3.11357116699219,True,2.79862976074219
1089,187.058546233333,True,-45.7040596008301,-79.8523864746094,593.940673828125,True,12.5783290863037,-80.1319885253906,588.478332519531,True,12.2482471466064,71.7837677001953,3.2473464012146,True,0.522188901901245,0.779177665710449,True,9.54491996765137,68.4166488647461,2.02182769775391,True,0.51729154586792,0.790717720985413,True,3.11221313476563,True,2.79806518554688
1090,187.0602129,True,-45.7048606872559,-79.8515167236328,594.003540039063,True,12.5999708175659,-80.1343612670898,588.477844238281,True,11.3063220977783,71.1592636108398,3.02004241943359,True,0.520482540130615,0.781318008899689,True,0.73582649230957,67.038215637207,1.52011740207672,True,0.501333057880402,0.79544198513031,True,3.10687255859375,True,2.858154296875
1091,187.061879566667,True,-45.6960220336914,-79.853630065918,594.005737304688,True,12.6025409698486,-80.135124206543,588.455749511719,True,11.349986076355,71.6583709716797,3.2016863822937,True,0.520561575889587,0.77960741519928,True,0.71302056312561,66.9673309326172,1.49430108070374,True,0.501291692256927,0.795685052871704,True,3.10969543457031,True,2.856201171875
1092,187.063546233333,True,-45.6942596435547,-79.8556365966797,594.017578125,True,12.597843170166,-80.1375198364258,588.507629394531,True,12.4732608795166,71.8044586181641,3.25484395027161,True,0.522596478462219,0.779106736183167,True,9.22151184082031,68.1356048583984,1.91949152946472,True,0.516705691814423,0.791681051254272,True,3.10719299316406,True,2.80595397949219
1093,187.0652129,True,-45.6902694702148,-79.8504104614258,593.987670898438,True,12.5959320068359,-80.1362457275391,588.497436523438,True,11.9809513092041,71.1865997314453,3.02999782562256,True,0.52170467376709,0.781224250793457,True,11.6819181442261,68.2353286743164,1.95582723617554,True,0.521162867546082,0.791339218616486,True,3.1063232421875,True,2.79751586914063
1094,187.066879566667,True,-45.6867752075195,-79.85009765625,593.981567382813,True,12.6037244796753,-80.1375732421875,588.505493164063,True,13.0393075942993,72.2007446289063,3.39907693862915,True,0.523621916770935,0.777748584747314,True,8.0131950378418,66.9837417602539,1.5002589225769,True,0.514516651630402,0.795628786087036,True,3.10707092285156,True,2.81550598144531
1095,187.068546233333,True,-45.6762847900391,-79.8492889404297,593.950927734375,True,12.6201591491699,-80.1387786865234,588.480590820313,True,10.8597164154053,71.5205993652344,3.15154504776001,True,0.519673407077789,0.78007960319519,True,3.26938915252686,67.1327590942383,1.55449306964874,True,0.505922794342041,0.795118093490601,True,3.11460876464844,True,2.83499145507813
1096,187.0702129,True,-45.6777458190918,-79.8462066650391,593.95849609375,True,12.6549129486084,-80.1383056640625,588.442138671875,True,11.9214668273926,72.0356140136719,3.33902382850647,True,0.521596908569336,0.778314471244812,True,-18.6762180328369,61.5889129638672,-0.463301301002502,True,0.466166228055954,0.814118504524231,True,3.10922241210938,True,2.95233154296875
1097,187.071879566667,True,-45.6765670776367,-79.8455505371094,593.94189453125,True,12.6340713500977,-80.1438598632813,588.49169921875,True,12.6380176544189,71.3130645751953,3.07595920562744,True,0.522894978523254,0.78079092502594,True,3.70553398132324,67.3794250488281,1.64427983760834,True,0.506712973117828,0.794272661209106,True,3.11993408203125,True,2.8294677734375
1098,187.073546233333,True,-45.6660537719727,-79.8428802490234,593.908081054688,True,12.6284160614014,-80.1486587524414,588.554565429688,True,11.2857036590576,71.5081787109375,3.14703893661499,True,0.520445108413696,0.780122220516205,True,11.3997459411621,68.5361709594727,2.06531000137329,True,0.520651698112488,0.790308117866516,True,3.11381530761719,True,2.8001708984375
1099,187.0752129,True,-45.6577835083008,-79.8371276855469,593.858825683594,True,12.6375846862793,-80.1462554931641,588.535400390625,True,11.8679714202881,71.5750274658203,3.17133283615112,True,0.521499991416931,0.779893040657043,True,6.94455146789551,69.4679718017578,2.40446043014526,True,0.512580752372742,0.787114560604095,True,3.11630249023438,True,2.83045959472656
1100,187.076879566667,True,-45.6521072387695,-79.8327865600586,593.817016601563,True,12.6556529998779,-80.1454772949219,588.508056640625,True,10.7451400756836,71.5683898925781,3.16896796226501,True,0.519465863704681,0.779915809631348,True,-3.61485171318054,66.5067825317383,1.32668054103851,True,0.493451356887817,0.797263503074646,True,3.11357116699219,True,2.87690734863281
1101,187.078546233333,True,-45.6516380310059,-79.8396301269531,593.900451660156,True,12.653844833374,-80.1477432250977,588.525207519531,True,12.0175790786743,71.0861663818359,2.99344158172607,True,0.52177095413208,0.78156852722168,True,2.90196704864502,67.2188873291016,1.58585786819458,True,0.505257248878479,0.794822931289673,True,3.11605834960938,True,2.83547973632813
1102,187.0802129,True,-45.6492538452148,-79.837890625,593.888000488281,True,12.6575393676758,-80.1510162353516,588.518432617188,True,11.1901016235352,71.268684387207,3.05987286567688,True,0.520271897315979,0.780942916870117,True,4.56472396850586,69.0311737060547,2.2454628944397,True,0.508269429206848,0.788611531257629,True,3.11099243164063,True,2.83493041992188
1103,187.081879566667,True,-45.644401550293,-79.8398132324219,593.885864257813,True,12.6546640396118,-80.1489562988281,588.514770507813,True,12.1476354598999,71.7470092773438,3.23398971557617,True,0.522006571292877,0.779303550720215,True,9.36177444458008,67.3323516845703,1.62716782093048,True,0.516959726810455,0.794433951377869,True,3.12220764160156,True,2.80729675292969
1104,187.083546233333,True,-45.6420822143555,-79.8390502929688,593.880615234375,True,12.6784191131592,-80.1477508544922,588.457275390625,True,11.871696472168,71.2566070556641,3.05548977851868,True,0.521506726741791,0.780984401702881,True,-2.55588960647583,65.6215057373047,1.00442945957184,True,0.495369791984558,0.800297617912292,True,3.10835266113281,True,2.8682861328125
1105,187.0852129,True,-45.6358642578125,-79.8385772705078,593.867431640625,True,12.6705083847046,-80.1467361450195,588.479553222656,True,12.178240776062,71.7794723510742,3.24576663970947,True,0.522062063217163,0.779192328453064,True,5.33867263793945,68.3892593383789,2.01184511184692,True,0.5096715092659,0.790811657905579,True,3.11021423339844,True,2.82545471191406
1106,187.086879566667,True,-45.6365356445313,-79.8381500244141,593.873168945313,True,12.6751937866211,-80.146484375,588.470581054688,True,12.3602828979492,71.1435546875,3.01433420181274,True,0.522391796112061,0.781371831893921,True,5.93837642669678,66.7214965820313,1.40481841564178,True,0.510757923126221,0.796527624130249,True,3.11677551269531,True,2.83229064941406
1107,187.088546233333,True,-45.6305389404297,-79.8359832763672,593.839599609375,True,12.6793422698975,-80.1475372314453,588.453125,True,11.49729347229,71.9261932373047,3.29917860031128,True,0.520828485488892,0.778689503669739,True,6.86464881896973,67.9729309082031,1.86031174659729,True,0.512435913085938,0.792238473892212,True,3.114013671875,True,2.83135986328125
1108,187.0902129,True,-45.6305923461914,-79.8388977050781,593.860595703125,True,12.6741828918457,-80.1476745605469,588.476989746094,True,13.1968116760254,71.7263946533203,3.22650837898254,True,0.52390730381012,0.779374241828918,True,9.68620872497559,68.0930099487305,1.90401911735535,True,0.517547488212585,0.791826963424683,True,3.11054992675781,True,2.80595397949219
1109,187.091879566667,True,-45.6272125244141,-79.8367691040039,593.850219726563,True,12.682656288147,-80.1458282470703,588.420104980469,True,12.2606582641602,71.5172805786133,3.15030264854431,True,0.522211372852325,0.780091047286987,True,11.6915073394775,68.2891616821289,1.97539865970612,True,0.521180272102356,0.791154742240906,True,3.11456298828125,True,2.80537414550781
1110,187.093546233333,True,-45.6211242675781,-79.8410873413086,593.843383789063,True,12.6999025344849,-80.1477432250977,588.402038574219,True,12.7565670013428,71.9956817626953,3.32449412345886,True,0.523109674453735,0.778451323509216,True,2.35854148864746,66.5825958251953,1.354243516922,True,0.504272699356079,0.797003626823425,True,3.11814880371094,True,2.84867858886719
1111,187.0952129,True,-45.6205291748047,-79.8365020751953,593.856018066406,True,12.6998691558838,-80.1464233398438,588.39111328125,True,11.7400636672974,71.4318923950195,3.11928367614746,True,0.521268248558044,0.780383586883545,True,6.44515466690063,67.4710311889648,1.67759585380554,True,0.511676013469696,0.793958723545074,True,3.11431884765625,True,2.82415771484375
1112,187.096879566667,True,-45.616943359375,-79.8379669189453,593.847534179688,True,12.7413902282715,-80.1447143554688,588.303344726563,True,13.2602214813232,72.5813140869141,3.53761672973633,True,0.524022102355957,0.77644419670105,True,-22.0118217468262,59.3077392578125,-1.29360008239746,True,0.460123538970947,0.821936786174774,True,3.1126708984375,True,2.97645568847656
1113,187.098546233333,True,-45.6129760742188,-79.8397369384766,593.8505859375,True,12.7060317993164,-80.1480941772461,588.39599609375,True,13.1623868942261,72.8304748535156,3.62828540802002,True,0.52384489774704,0.775590300559998,True,4.29762935638428,69.1090240478516,2.27378678321838,True,0.507785558700562,0.788344860076904,True,3.11524963378906,True,2.83209228515625
1114,187.1002129,True,-45.602897644043,-79.8407440185547,593.809814453125,True,12.71213722229,-80.1478805541992,588.384399414063,True,13.0170269012451,72.5889511108398,3.5403995513916,True,0.523581624031067,0.776418089866638,True,3.96328687667847,67.2848510742188,1.60983991622925,True,0.507179856300354,0.794596791267395,True,3.11604309082031,True,2.85060119628906
1115,187.101879566667,True,-45.6066398620605,-79.8369522094727,593.840942382813,True,12.7074871063232,-80.1499176025391,588.422302246094,True,13.4567089080811,71.7930603027344,3.25073003768921,True,0.524378061294556,0.77914571762085,True,9.2811450958252,68.3325042724609,1.99123024940491,True,0.516813695430756,0.791006147861481,True,3.11117553710938,True,2.81800842285156
1116,187.103546233333,True,-45.5998916625977,-79.83740234375,593.819396972656,True,12.7214775085449,-80.1512222290039,588.414855957031,True,13.5517673492432,72.5602111816406,3.52994441986084,True,0.524550318717957,0.776516556739807,True,4.61915636062622,65.9386596679688,1.11990523338318,True,0.508368015289307,0.799210548400879,True,3.11180114746094,True,2.83171081542969
1117,187.1052129,True,-45.5947952270508,-79.8337707519531,593.800170898438,True,12.7172040939331,-80.1523284912109,588.432312011719,True,12.5560607910156,71.400634765625,3.10790228843689,True,0.522746443748474,0.780490756034851,True,9.27623271942139,67.9608154296875,1.85583853721619,True,0.516804754734039,0.79228013753891,True,3.11337280273438,True,2.81466674804688
1118,187.106879566667,True,-45.594596862793,-79.8376617431641,593.842895507813,True,12.7358427047729,-80.1521911621094,588.413024902344,True,12.3718824386597,71.8945617675781,3.28767156600952,True,0.522412896156311,0.778797924518585,True,0.00459742546081543,66.9633636474609,1.49284279346466,True,0.500008344650269,0.795698642730713,True,3.11135864257813,True,2.85304260253906
1119,187.108546233333,True,-45.582405090332,-79.8366241455078,593.76904296875,True,12.7725811004639,-80.1530990600586,588.339172363281,True,12.7021179199219,72.7191314697266,3.58774662017822,True,0.523011088371277,0.77597188949585,True,-22.3897476196289,59.6839179992676,-1.15662741661072,True,0.459438860416412,0.820647478103638,True,3.11439514160156,True,2.98159790039063
1120,187.1102129,True,-45.5839805603027,-79.8396453857422,593.781372070313,True,12.7292566299438,-80.155143737793,588.438110351563,True,12.7834386825562,73.1071243286133,3.72898864746094,True,0.523158431053162,0.774642109870911,True,6.93670558929443,68.8770751953125,2.18936157226563,True,0.512566566467285,0.789139807224274,True,3.10479736328125,True,2.82719421386719
1121,187.111879566667,True,-45.5974655151367,-79.8389739990234,593.832885742188,True,12.7134418487549,-80.1513214111328,588.448974609375,True,13.7960052490234,72.1003723144531,3.36255693435669,True,0.524992763996124,0.778092563152313,True,10.2965612411499,67.7368850708008,1.77439415454865,True,0.518653273582458,0.793047547340393,True,3.10494995117188,True,2.81019592285156
1122,187.113546233333,True,-45.606014251709,-79.8334655761719,593.821899414063,True,12.7262573242188,-80.1508865356445,588.3916015625,True,11.860294342041,71.9616851806641,3.3120698928833,True,0.521486043930054,0.778567910194397,True,0.0678532123565674,68.0182113647461,1.87680149078369,True,0.500122904777527,0.792083323001862,True,3.11135864257813,True,2.861328125
1123,187.1152129,True,-45.6165618896484,-79.8348236083984,593.843872070313,True,12.7031421661377,-80.1432723999023,588.350341796875,True,11.0614738464355,70.7402648925781,2.86756014823914,True,0.520038902759552,0.782754063606262,True,0.518770933151245,66.5249938964844,1.33329486846924,True,0.500939846038818,0.797201037406921,True,3.110595703125,True,2.854736328125
1124,187.116879566667,True,-45.6274871826172,-79.8236694335938,593.856323242188,True,12.6777276992798,-80.1368865966797,588.378723144531,True,6.21767950057983,71.1635589599609,3.0216007232666,True,0.511263847351074,0.781303286552429,True,1.20308780670166,68.3623352050781,2.00202250480652,True,0.502179503440857,0.790903925895691,True,3.11044311523438,True,2.82243347167969
1125,187.118546233333,True,-45.6262626647949,-79.8116302490234,593.79150390625,True,12.6827411651611,-80.1305923461914,588.338623046875,True,0.19152843952179,70.2311096191406,2.68219804763794,True,0.500347018241882,0.784499108791351,True,-25.6026630401611,60.7381210327148,-0.772920668125153,True,0.453618347644806,0.817034363746643,True,3.1173095703125,True,2.93389892578125
1126,187.1202129,True,-45.631217956543,-79.8143615722656,593.842651367188,True,12.6378936767578,-80.1178512573242,588.385009765625,True,-5.58916282653809,71.8909606933594,3.28635168075562,True,0.489874720573425,0.778810262680054,True,-14.4724559783936,67.7081146240234,1.7639467716217,True,0.473781764507294,0.793146073818207,True,3.11541748046875,True,2.85450744628906
1127,187.121879566667,True,-45.6504821777344,-79.7988967895508,593.804504394531,True,12.6259765625,-80.1211853027344,588.458068847656,True,-11.7255725860596,72.3864135742188,3.46667098999023,True,0.478758037090302,0.777112126350403,True,-15.2413120269775,72.0360717773438,3.33917164802551,True,0.472388923168182,0.778312921524048,True,3.11418151855469,True,2.82351684570313
1128,187.123546233333,True,-45.6752319335938,-79.7894439697266,593.792724609375,True,12.6065368652344,-80.1146469116211,588.501892089844,True,-18.1742515563965,75.7681045532227,4.69746875762939,True,0.467075645923615,0.765522181987762,True,-20.9422607421875,74.3777008056641,4.19141817092896,True,0.462061107158661,0.770287454128265,True,3.11888122558594,True,2.81318664550781
1129,187.1252129,True,-45.7010650634766,-79.7882232666016,593.801208496094,True,12.5875015258789,-80.1056976318359,588.525085449219,True,-23.8725452423096,78.9574737548828,5.85838031768799,True,0.45675265789032,0.754591166973114,True,-32.8013534545898,75.7889404296875,4.70515441894531,True,0.440577268600464,0.765450716018677,True,3.10757446289063,True,2.82707214355469
1130,187.126879566667,True,-45.7228469848633,-79.7790679931641,593.821594238281,True,12.5394153594971,-80.0895233154297,588.454162597656,True,-29.9232158660889,82.4909820556641,7.14448833465576,True,0.445791274309158,0.742480754852295,True,-33.3450202941895,79.1990356445313,5.94628667831421,True,0.439592361450195,0.753763198852539,True,3.10446166992188,True,2.81425476074219
1131,187.128546233333,True,-45.7391357421875,-79.7688293457031,593.758972167969,True,12.4900999069214,-80.0805511474609,588.469116210938,True,-37.8039932250977,84.5439071655273,7.89167165756226,True,0.431514501571655,0.735444784164429,True,-39.2793464660645,81.5267562866211,6.79347467422485,True,0.428841769695282,0.745785474777222,True,3.11485290527344,True,2.80638122558594
1132,187.1302129,True,-45.7805786132813,-79.7639465332031,593.802429199219,True,12.4422931671143,-80.0687484741211,588.48486328125,True,-41.5189056396484,86.5521011352539,8.6225757598877,True,0.424784600734711,0.728562116622925,True,-45.9766120910645,83.6992645263672,7.58422183990479,True,0.416709005832672,0.738339602947235,True,3.10400390625,True,2.80384826660156
1133,187.131879566667,True,-45.8061180114746,-79.7591857910156,593.824768066406,True,12.3982238769531,-80.0519332885742,588.39404296875,True,-48.5401039123535,89.3958435058594,9.6576099395752,True,0.412065029144287,0.718815684318542,True,-49.3387756347656,84.8095855712891,7.98835372924805,True,0.410618156194687,0.73453414440155,True,3.107177734375,True,2.78660583496094
1134,187.133546233333,True,-45.8350524902344,-79.7442474365234,593.832275390625,True,12.3605136871338,-80.0466003417969,588.414306640625,True,-54.8598480224609,88.3131103515625,9.2635383605957,True,0.400616228580475,0.722526609897614,True,-54.3742370605469,86.0676956176758,8.44627285003662,True,0.40149599313736,0.730222284793854,True,3.10702514648438,True,2.78758239746094
1135,187.1352129,True,-45.8629302978516,-79.7277755737305,593.753051757813,True,12.3176469802856,-80.0368499755859,588.44482421875,True,-59.5857620239258,90.33154296875,9.99813842773438,True,0.392054736614227,0.715608835220337,True,-58.1609268188477,88.4328918457031,9.3071231842041,True,0.394636005163193,0.722116053104401,True,3.10052490234375,True,2.77777099609375
1136,187.136879566667,True,-45.890811920166,-79.7214813232422,593.720825195313,True,12.2886276245117,-80.0299987792969,588.4599609375,True,-64.8445281982422,91.5148849487305,10.4288482666016,True,0.382528036832809,0.711553156375885,True,-63.2429542541504,87.7070159912109,9.04291915893555,True,0.385429441928864,0.724603891372681,True,3.09228515625,True,2.77946472167969
1137,187.138546233333,True,-45.9163436889648,-79.7060394287109,593.746276855469,True,12.2596616744995,-80.0162658691406,588.389770507813,True,-71.05517578125,92.4809417724609,10.780460357666,True,0.37127685546875,0.708242118358612,True,-66.3439788818359,92.4842376708984,10.7817182540894,True,0.379811674356461,0.70823073387146,True,3.09365844726563,True,2.763916015625
1138,187.1402129,True,-45.9312515258789,-79.6937713623047,593.682495117188,True,12.2192516326904,-80.0069427490234,588.468505859375,True,-77.0955047607422,92.4912567138672,10.7842578887939,True,0.36033421754837,0.70820677280426,True,-71.0470275878906,92.0639953613281,10.6287517547607,True,0.371291637420654,0.709671139717102,True,3.07865905761719,True,2.76640319824219
1139,187.141879566667,True,-45.9690971374512,-79.6975479125977,593.708679199219,True,12.1818561553955,-79.9909973144531,588.42626953125,True,-81.2868499755859,93.8822479248047,11.2905254364014,True,0.352741211652756,0.703439474105835,True,-76.1524200439453,92.1113739013672,10.6459617614746,True,0.362042725086212,0.709508776664734,True,3.08404541015625,True,2.77980041503906
1140,187.143546233333,True,-46.008113861084,-79.696418762207,593.784729003906,True,12.1554517745972,-79.9793853759766,588.386901855469,True,-84.6861038208008,99.0089874267578,13.1565036773682,True,0.346583127975464,0.685868620872498,True,-80.1804046630859,95.4477157592773,11.8603515625,True,0.354745626449585,0.698074042797089,True,3.06660461425781,True,2.77555847167969
1141,187.1452129,True,-46.0234985351563,-79.6849899291992,593.748901367188,True,12.1259288787842,-79.9630432128906,588.39013671875,True,-90.367301940918,99.3152618408203,13.2679805755615,True,0.336291134357452,0.684818863868713,True,-85.9765243530273,99.7010345458984,13.4083871841431,True,0.344245433807373,0.683496713638306,True,3.06716918945313,True,2.77207946777344
1142,187.146879566667,True,-46.0379486083984,-79.6735687255859,593.742431640625,True,12.1033115386963,-79.9558486938477,588.440063476563,True,-97.5920104980469,102.200210571289,14.3180150985718,True,0.323202908039093,0.674931287765503,True,-90.6940155029297,100.380081176758,13.6555681228638,True,0.335699260234833,0.681169331073761,True,3.06808471679688,True,2.769775390625
1143,187.148546233333,True,-46.0573997497559,-79.6653594970703,593.777954101563,True,12.0872535705566,-79.9432144165039,588.43408203125,True,-101.373321533203,104.057479858398,14.994047164917,True,0.316352665424347,0.66856575012207,True,-96.3221817016602,100.020355224609,13.52463722229,True,0.325503289699554,0.68240225315094,True,3.06755065917969,True,2.77825927734375
1144,187.1502129,True,-46.0744705200195,-79.6599578857422,593.791381835938,True,12.0719776153564,-79.9326019287109,588.390441894531,True,-104.675064086914,106.384536743164,15.8409929275513,True,0.310371249914169,0.660590291023254,True,-98.2995910644531,101.934020996094,14.221137046814,True,0.321921050548553,0.675843596458435,True,3.04988098144531,True,2.77653503417969
1145,187.151879566667,True,-46.0903396606445,-79.6580200195313,593.823425292969,True,12.0649967193604,-79.9259948730469,588.359130859375,True,-105.723617553711,105.481101989746,15.5121278762817,True,0.308471739292145,0.663686811923981,True,-102.54084777832,103.212989807129,14.686653137207,True,0.314237624406815,0.671460211277008,True,3.06166076660156,True,2.77452087402344
1146,187.153546233333,True,-46.1037330627441,-79.6521301269531,593.793334960938,True,12.0517024993896,-79.9171676635742,588.343994140625,True,-107.861831665039,107.715286254883,16.3252906799316,True,0.304598122835159,0.656029462814331,True,-100.529510498047,107.815444946289,16.3617858886719,True,0.317881345748901,0.65568619966507,True,3.06355285644531,True,2.75070190429688
1147,187.1552129,True,-46.1119995117188,-79.6473388671875,593.777099609375,True,12.0505485534668,-79.9141082763672,588.324890136719,True,-107.979942321777,108.484985351563,16.605489730835,True,0.304384171962738,0.653391420841217,True,-100.345352172852,105.14134979248,15.3885354995728,True,0.318214923143387,0.664851069450378,True,3.05781555175781,True,2.77578735351563
1148,187.156879566667,True,-46.1169853210449,-79.6404495239258,593.7529296875,True,12.0513305664063,-79.9116668701172,588.339294433594,True,-108.171157836914,107.231002807617,16.1490879058838,True,0.304037749767303,0.657689213752747,True,-101.723907470703,106.542938232422,15.8986339569092,True,0.315717548131943,0.66004741191864,True,3.05775451660156,True,2.77171325683594
1149,187.158546233333,True,-46.1245384216309,-79.6398010253906,593.7685546875,True,12.053765296936,-79.9106674194336,588.340393066406,True,-105.720489501953,108.356246948242,16.5586566925049,True,0.308477371931076,0.653832614421844,True,-98.1252365112305,105.462997436523,15.5055503845215,True,0.322236895561218,0.663748741149902,True,3.05308532714844,True,2.76991271972656
1150,187.1602129,True,-46.1215286254883,-79.6357269287109,593.765014648438,True,12.0561389923096,-79.9074478149414,588.32421875,True,-106.877174377441,107.871398925781,16.3821640014648,True,0.306381940841675,0.655494332313538,True,-96.8873519897461,106.115264892578,15.742992401123,True,0.324479430913925,0.661513090133667,True,3.05409240722656,True,2.76644897460938
1151,187.161879566667,True,-46.119758605957,-79.6312713623047,593.744384765625,True,12.0609493255615,-79.9064102172852,588.335205078125,True,-106.052139282227,106.351272583008,15.8288898468018,True,0.30787655711174,0.660704255104065,True,-96.8537521362305,105.971237182617,15.6905765533447,True,0.324540317058563,0.662006855010986,True,3.05796813964844,True,2.7607421875
1152,187.163546233333,True,-46.123218536377,-79.6270294189453,593.737487792969,True,12.0697774887085,-79.9059677124023,588.353271484375,True,-104.640579223633,107.307540893555,16.1769371032715,True,0.310433745384216,0.657426953315735,True,-98.4108963012695,107.635528564453,16.2962894439697,True,0.321719408035278,0.656302809715271,True,3.05720520019531,True,2.75283813476563
1153,187.1652129,True,-46.120002746582,-79.6307067871094,593.745788574219,True,12.0753269195557,-79.9064025878906,588.365478515625,True,-104.745101928711,107.586700439453,16.2785797119141,True,0.310244351625443,0.656470060348511,True,-98.833381652832,109.832084655762,17.0958023071289,True,0.320954024791718,0.64877450466156,True,3.0545654296875,True,2.751708984375
1154,187.166879566667,True,-46.119384765625,-79.6267242431641,593.744812011719,True,12.0824642181396,-79.9072265625,588.359008789063,True,-104.753082275391,108.301254272461,16.5385761260986,True,0.310229957103729,0.654021143913269,True,-97.6682434082031,107.853759765625,16.375732421875,True,0.323064774274826,0.655554890632629,True,3.05178833007813,True,2.75669860839844
1155,187.168546233333,True,-46.1180000305176,-79.6231231689453,593.720458984375,True,12.0929327011108,-79.9038848876953,588.33447265625,True,-104.497360229492,108.591186523438,16.6441593170166,True,0.310693204402924,0.653027355670929,True,-98.766471862793,104.257537841797,15.0668163299561,True,0.321075230836868,0.667880237102509,True,3.04315185546875,True,2.7637939453125
1156,187.1702129,True,-46.1166076660156,-79.6247863769531,593.729309082031,True,12.1029462814331,-79.9071502685547,588.304321289063,True,-105.479644775391,107.562759399414,16.2698097229004,True,0.308913707733154,0.656552195549011,True,-100.158874511719,104.472991943359,15.1452484130859,True,0.318552792072296,0.667141735553741,True,3.05162048339844,True,2.76991271972656
1157,187.171879566667,True,-46.1142425537109,-79.6281585693359,593.708618164063,True,12.1076908111572,-79.906867980957,588.310729980469,True,-105.303153991699,109.246932983398,16.8828239440918,True,0.309233427047729,0.650779962539673,True,-101.065132141113,105.382171630859,15.4761629104614,True,0.31691101193428,0.664025723934174,True,3.04624938964844,True,2.77716064453125
1158,187.173546233333,True,-46.1105499267578,-79.6262512207031,593.699584960938,True,12.1105880737305,-79.9076614379883,588.324951171875,True,-106.454765319824,107.853408813477,16.3755702972412,True,0.307147145271301,0.655556082725525,True,-100.052322387695,109.826072692871,17.0936088562012,True,0.318745791912079,0.648795127868652,True,3.04666137695313,True,2.76448059082031
1159,187.1752129,True,-46.1074295043945,-79.6256713867188,593.6943359375,True,12.1194629669189,-79.9103317260742,588.308166503906,True,-106.479629516602,107.039733886719,16.0794715881348,True,0.307102143764496,0.658344745635986,True,-102.739486694336,107.277847290039,16.166145324707,True,0.313877731561661,0.657528638839722,True,3.05593872070313,True,2.7587890625
1160,187.176879566667,True,-46.1079368591309,-79.6249771118164,593.716064453125,True,12.1291179656982,-79.9112854003906,588.289306640625,True,-106.409378051758,109.181159973145,16.8588485717773,True,0.307229399681091,0.651005506515503,True,-103.014678955078,104.555297851563,15.1751918792725,True,0.313379228115082,0.666859686374664,True,3.05165100097656,True,2.77212524414063
1161,187.178546233333,True,-46.1054840087891,-79.6228179931641,593.6953125,True,12.1307029724121,-79.908088684082,588.280395507813,True,-106.270645141602,107.693084716797,16.3172721862793,True,0.307480692863464,0.656105518341064,True,-102.504066467285,105.283950805664,15.4403963088989,True,0.314304202795029,0.664362370967865,True,3.04963684082031,True,2.76423645019531
1162,187.1802129,True,-46.1047592163086,-79.6218872070313,593.698364257813,True,12.1407451629639,-79.9132537841797,588.288330078125,True,-106.272598266602,107.191131591797,16.1345615386963,True,0.307477205991745,0.657825887203217,True,-103.618286132813,106.898506164551,16.0280704498291,True,0.31228569149971,0.658828794956207,True,3.0540771484375,True,2.77357482910156
1163,187.181879566667,True,-46.1056137084961,-79.6189422607422,593.697143554688,True,12.1440896987915,-79.9089126586914,588.283813476563,True,-106.422576904297,108.403579711914,16.5758666992188,True,0.307205498218536,0.653670430183411,True,-101.571563720703,105.105407714844,15.3754558563232,True,0.315993547439575,0.664974272251129,True,3.03762817382813,True,2.77018737792969
1164,187.183546233333,True,-46.1054229736328,-79.6214447021484,593.704650878906,True,12.1509523391724,-79.9107971191406,588.2666015625,True,-105.952049255371,107.541030883789,16.2619400024414,True,0.308057844638824,0.656626582145691,True,-100.377227783203,106.34228515625,15.8256025314331,True,0.318157196044922,0.660735130310059,True,3.04969787597656,True,2.76431274414063
1165,187.1852129,True,-46.1071243286133,-79.6195983886719,593.68603515625,True,12.157413482666,-79.9114379882813,588.255065917969,True,-104.249641418457,107.523078918457,16.2554092407227,True,0.311141967773438,0.656688094139099,True,-99.9000091552734,105.531890869141,15.5306711196899,True,0.319021761417389,0.663512587547302,True,3.04759216308594,True,2.7576904296875
1166,187.186879566667,True,-46.1016960144043,-79.6162414550781,593.67236328125,True,12.1591148376465,-79.9080657958984,588.249694824219,True,-105.427192687988,108.810119628906,16.7238712310791,True,0.309008717536926,0.652277112007141,True,-102.610649108887,105.693588256836,15.5895481109619,True,0.314111143350601,0.662958323955536,True,3.0357666015625,True,2.76316833496094
1167,187.188546233333,True,-46.0983963012695,-79.6171112060547,593.662475585938,True,12.1618671417236,-79.9069137573242,588.241333007813,True,-105.98706817627,109.365074157715,16.9258422851563,True,0.307994484901428,0.650375127792358,True,-101.391174316406,104.789253234863,15.2603797912598,True,0.316320329904556,0.666057825088501,True,3.03257751464844,True,2.7628173828125
1168,187.1902129,True,-46.1008148193359,-79.6145782470703,593.658752441406,True,12.16823387146,-79.9074096679688,588.24365234375,True,-104.701484680176,108.383987426758,16.5687122344971,True,0.310323417186737,0.653737664222717,True,-101.580787658691,109.210487365723,16.8695774078369,True,0.315976858139038,0.650904834270477,True,3.0289306640625,True,2.76246643066406
1169,187.191879566667,True,-46.0965766906738,-79.6114501953125,593.643005371094,True,12.1730251312256,-79.9062042236328,588.248229980469,True,-105.087966918945,108.528228759766,16.6212425231934,True,0.309623271226883,0.653243184089661,True,-100.760528564453,107.634078979492,16.2958431243896,True,0.317462861537933,0.656307697296143,True,3.03421020507813,True,2.7449951171875
1170,187.193546233333,True,-46.0971603393555,-79.6159057617188,593.669616699219,True,12.1796083450317,-79.9079132080078,588.240234375,True,-104.218727111816,108.25129699707,16.5204086303711,True,0.311197936534882,0.654192328453064,True,-102.021324157715,106.22972869873,15.7846260070801,True,0.315178751945496,0.661120891571045,True,3.02494812011719,True,2.75340270996094
1171,187.1952129,True,-46.096981048584,-79.6139221191406,593.660766601563,True,12.183349609375,-79.9079818725586,588.263000488281,True,-103.998237609863,108.684478759766,16.6780986785889,True,0.311597436666489,0.652707695960999,True,-100.771591186523,102.564331054688,14.4505653381348,True,0.317442744970322,0.673683166503906,True,3.028564453125,True,2.78045654296875
1172,187.196879566667,True,-46.0918731689453,-79.6151885986328,593.644165039063,True,12.1865739822388,-79.9065780639648,588.256103515625,True,-105.025382995605,108.203796386719,16.5031547546387,True,0.309736639261246,0.65435516834259,True,-101.047416687012,109.047576904297,16.8102550506592,True,0.316943109035492,0.651463329792023,True,3.04318237304688,True,2.73802185058594
1173,187.198546233333,True,-46.0925559997559,-79.6100921630859,593.647277832031,True,12.1898097991943,-79.9043731689453,588.243530273438,True,-104.419281005859,107.830184936523,16.3671951293945,True,0.310834646224976,0.65563553571701,True,-100.397857666016,105.46159362793,15.5050773620605,True,0.318119823932648,0.663753509521484,True,3.02365112304688,True,2.7587890625
1174,187.2002129,True,-46.0902099609375,-79.6138305664063,593.669799804688,True,12.1977834701538,-79.9037475585938,588.222290039063,True,-105.003509521484,107.667053222656,16.3077793121338,True,0.309776216745377,0.656194746494293,True,-102.07804107666,105.265228271484,15.4336338043213,True,0.315076023340225,0.664426565170288,True,3.03370666503906,True,2.76687622070313
1175,187.201879566667,True,-46.0871047973633,-79.6155166625977,593.670166015625,True,12.2011661529541,-79.9016723632813,588.231628417969,True,-104.671363830566,108.373596191406,16.5649452209473,True,0.310377955436707,0.653773188591003,True,-101.917694091797,105.49137878418,15.5159101486206,True,0.315366506576538,0.663651466369629,True,3.0205078125,True,2.75494384765625
1176,187.203546233333,True,-46.0855140686035,-79.6083679199219,593.646545410156,True,12.2023677825928,-79.9085083007813,588.269409179688,True,-105.27661895752,109.681655883789,17.041036605835,True,0.309281498193741,0.649290204048157,True,-98.875602722168,106.948501586914,16.0462532043457,True,0.320877522230148,0.658657371997833,True,3.01358032226563,True,2.76457214355469
1177,187.2052129,True,-46.081657409668,-79.605224609375,593.636657714844,True,12.2134437561035,-79.9076080322266,588.257934570313,True,-105.607452392578,108.676872253418,16.6753482818604,True,0.308682143688202,0.652733743190765,True,-101.256195068359,106.07884979248,15.7297325134277,True,0.31656488776207,0.661638021469116,True,3.01716613769531,True,2.76686096191406
1178,187.206879566667,True,-46.0823135375977,-79.6107864379883,593.657470703125,True,12.2169322967529,-79.9050216674805,588.2529296875,True,-104.873222351074,109.752792358398,17.0669364929199,True,0.31001228094101,0.649046242237091,True,-101.483444213867,108.172973632813,16.4919166564941,True,0.316153168678284,0.654460728168488,True,3.00563049316406,True,2.75755310058594
1179,187.208546233333,True,-46.0840072631836,-79.6080932617188,593.669372558594,True,12.223352432251,-79.9019241333008,588.238220214844,True,-104.316497802734,108.407035827637,16.5771255493164,True,0.311020851135254,0.653658628463745,True,-100.616600036621,103.871955871582,14.9264907836914,True,0.317723572254181,0.669201731681824,True,2.99984741210938,True,2.75816345214844
1180,187.2102129,True,-46.0779724121094,-79.6050109863281,593.6298828125,True,12.2300834655762,-79.9045944213867,588.237060546875,True,-104.010406494141,109.18286895752,16.8594703674316,True,0.311575353145599,0.650999665260315,True,-100.767524719238,106.084945678711,15.7319641113281,True,0.317450165748596,0.661617040634155,True,3.01081848144531,True,2.75578308105469
1181,187.211879566667,True,-46.0747680664063,-79.6048889160156,593.631958007813,True,12.230523109436,-79.9032363891602,588.235778808594,True,-106.293350219727,107.580108642578,16.2761287689209,True,0.307439595460892,0.656492829322815,True,-100.330772399902,107.281158447266,16.1672916412354,True,0.318241387605667,0.657517433166504,True,3.01850891113281,True,2.75848388671875
1182,187.213546233333,True,-46.0745162963867,-79.6040954589844,593.60986328125,True,12.2308750152588,-79.8996810913086,588.220092773438,True,-104.261840820313,109.687240600586,17.0430641174316,True,0.311119854450226,0.649270951747894,True,-99.2853088378906,105.31770324707,15.4526882171631,True,0.320135295391083,0.664246678352356,True,3.01077270507813,True,2.75799560546875
1183,187.2152129,True,-46.0742340087891,-79.6004943847656,593.613708496094,True,12.2372932434082,-79.9031677246094,588.231811523438,True,-103.222099304199,108.336990356445,16.5516338348389,True,0.313003480434418,0.653898596763611,True,-100.917953491211,107.767883300781,16.3444709777832,True,0.317177653312683,0.655849099159241,True,3.00413513183594,True,2.73945617675781
1184,187.216879566667,True,-46.0673446655273,-79.6018524169922,593.607971191406,True,12.2454624176025,-79.9057540893555,588.215026855469,True,-105.565567016602,109.702392578125,17.0486087799072,True,0.308758020401001,0.649219036102295,True,-101.107650756836,105.259292602539,15.4314184188843,True,0.316834002733231,0.664446830749512,True,2.99790954589844,True,2.75253295898438
1185,187.218546233333,True,-46.0682067871094,-79.6035919189453,593.643005371094,True,12.2446670532227,-79.9037017822266,588.22021484375,True,-105.193298339844,109.608764648438,17.014518737793,True,0.309432446956635,0.649539828300476,True,-101.959930419922,108.433837890625,16.5868530273438,True,0.315290004014969,0.653566837310791,True,3.0008544921875,True,2.76077270507813
1186,187.2202129,True,-46.0684204101563,-79.5970077514648,593.603576660156,True,12.2470359802246,-79.9004287719727,588.220397949219,True,-105.255516052246,109.105865478516,16.8314437866211,True,0.309319674968719,0.651263475418091,True,-101.670288085938,105.404830932617,15.4844017028809,True,0.315814703702927,0.663948059082031,True,3.01350402832031,True,2.75149536132813
1187,187.221879566667,True,-46.0682067871094,-79.5989990234375,593.62353515625,True,12.2510776519775,-79.9000778198242,588.237670898438,True,-103.938041687012,109.246070861816,16.8825359344482,True,0.31170642375946,0.650782883167267,True,-100.503852844238,105.819114685059,15.6352100372314,True,0.317927807569504,0.662528157234192,True,2.99899291992188,True,2.76152038574219
1188,187.223546233333,True,-46.0625610351563,-79.5977935791016,593.594787597656,True,12.2571601867676,-79.896728515625,588.192260742188,True,-104.495101928711,110.933609008789,17.4967479705811,True,0.310697257518768,0.644999146461487,True,-100.180892944336,105.425888061523,15.4920635223389,True,0.318512886762619,0.663875877857208,True,2.97938537597656,True,2.7579345703125
1189,187.2252129,True,-46.0582847595215,-79.5949554443359,593.590270996094,True,12.2587108612061,-79.8966979980469,588.218933105469,True,-104.383926391602,109.316390991211,16.9081211090088,True,0.310898721218109,0.65054190158844,True,-100.654693603516,105.413803100586,15.4876689910889,True,0.317654579877853,0.663917303085327,True,2.99822998046875,True,2.74922180175781
1190,187.226879566667,True,-46.0568389892578,-79.5960540771484,593.587707519531,True,12.2659454345703,-79.8981018066406,588.198120117188,True,-105.028396606445,111.130828857422,17.5685005187988,True,0.309731155633926,0.644323348999023,True,-99.5349731445313,106.575180053711,15.9103927612305,True,0.319683045148849,0.659936904907227,True,2.9903564453125,True,2.75094604492188
1191,187.228546233333,True,-46.0574150085449,-79.5963745117188,593.612670898438,True,12.2680692672729,-79.8981323242188,588.202087402344,True,-104.225929260254,111.29670715332,17.628870010376,True,0.311184912919998,0.643754839897156,True,-98.8109893798828,108.434753417969,16.5872173309326,True,0.32099461555481,0.653563618659973,True,2.99296569824219,True,2.74824523925781
1192,187.2302129,True,-46.0551910400391,-79.5928802490234,593.588623046875,True,12.2789688110352,-79.897575378418,588.183227539063,True,-104.265274047852,111.035171508789,17.5336799621582,True,0.311113655567169,0.644651174545288,True,-99.3981323242188,103.866592407227,14.9245758056641,True,0.319930911064148,0.66922003030777,True,2.97262573242188,True,2.74771118164063
1193,187.231879566667,True,-46.0508003234863,-79.5879821777344,593.57421875,True,12.282262802124,-79.8964538574219,588.202697753906,True,-105.218681335449,110.288665771484,17.2619934082031,True,0.30938646197319,0.647209644317627,True,-101.690277099609,108.112075805664,16.4697589874268,True,0.315778464078903,0.654669523239136,True,2.99310302734375,True,2.73614501953125
1194,187.233546233333,True,-46.0484771728516,-79.5927047729492,593.609191894531,True,12.2861366271973,-79.8935699462891,588.170776367188,True,-105.511428833008,111.081802368164,17.5506401062012,True,0.308856099843979,0.644491314888,True,-102.024078369141,107.532424926758,16.2587814331055,True,0.315173804759979,0.6566561460495,True,2.979248046875,True,2.75697326660156
1195,187.2352129,True,-46.04296875,-79.5870971679688,593.564697265625,True,12.2888946533203,-79.8921813964844,588.163940429688,True,-105.206932067871,111.098518371582,17.5567283630371,True,0.309407770633698,0.644434094429016,True,-101.942726135254,107.47444152832,16.237699508667,True,0.315321177244186,0.656854927539825,True,2.97770690917969,True,2.74549865722656
1196,187.236879566667,True,-46.0419235229492,-79.5885009765625,593.6005859375,True,12.2943496704102,-79.8909378051758,588.200012207031,True,-105.622711181641,110.834167480469,17.4605388641357,True,0.308654546737671,0.645340025424957,True,-102.697860717773,106.320510864258,15.8176755905151,True,0.313953161239624,0.660809755325317,True,2.98190307617188,True,2.74607849121094
1197,187.238546233333,True,-46.0424766540527,-79.5871429443359,593.60205078125,True,12.2978448867798,-79.8929443359375,588.159790039063,True,-105.643966674805,111.109024047852,17.5605697631836,True,0.308616012334824,0.644398033618927,True,-101.103897094727,106.865646362305,16.01611328125,True,0.316840767860413,0.658941328525543,True,2.97116088867188,True,2.74966430664063
1198,187.2402129,True,-46.0388336181641,-79.5868682861328,593.602111816406,True,12.300874710083,-79.8947143554688,588.195617675781,True,-104.993087768555,110.236526489258,17.2430229187012,True,0.30979511141777,0.647388279438019,True,-100.780014038086,106.516693115234,15.8890829086304,True,0.317427515983582,0.660137414932251,True,2.97897338867188,True,2.7611083984375
1199,187.241879566667,True,-46.0363159179688,-79.5820846557617,593.55712890625,True,12.3030767440796,-79.8943786621094,588.175048828125,True,-105.274208068848,108.132911682129,16.4773693084717,True,0.309285819530487,0.654597997665405,True,-101.823310852051,104.456527709961,15.1392784118652,True,0.315537512302399,0.667198181152344,True,2.98193359375,True,2.75016784667969
1200,187.243546233333,True,-46.0341186523438,-79.5837478637695,593.592102050781,True,12.3088855743408,-79.8944931030273,588.182861328125,True,-105.132263183594,108.904815673828,16.7582664489746,True,0.309542953968048,0.651952564716339,True,-101.638137817383,108.082962036133,16.4591331481934,True,0.315872937440872,0.654769361019135,True,2.98274230957031,True,2.74110412597656
1201,187.2452129,True,-46.0305671691895,-79.5865707397461,593.608520507813,True,12.3086853027344,-79.8918914794922,588.195190429688,True,-105.636810302734,109.671249389648,17.0372657775879,True,0.308628976345062,0.649325728416443,True,-99.3721618652344,105.687896728516,15.5874538421631,True,0.319977968931198,0.662977874279022,True,2.98826599121094,True,2.74748229980469
